header: 
  seq: 284
  stamp: 
    secs: 1545084465
    nsecs:  86911204
  frame_id: "base_link"
angle_min: -2.35619449615
angle_max: 2.35619449615
angle_increment: 0.00436332309619
time_increment: 1.73611151695e-05
scan_time: 0.0250000003725
range_min: 0.019999999553
range_max: 30.0
ranges: [0.16200000047683716, 0.1469999998807907, 0.17900000512599945, 0.2540000081062317, 0.367000013589859, 0.3479999899864197, 0.32600000500679016, 0.18700000643730164, 0.18700000643730164, 0.1809999942779541, 0.20499999821186066, 0.21199999749660492, 0.19699999690055847, 0.20999999344348907, 0.21199999749660492, 0.22200000286102295, 0.20399999618530273, 0.20200000703334808, 0.21899999678134918, 0.21199999749660492, 0.21199999749660492, 0.21299999952316284, 0.20999999344348907, 0.2150000035762787, 0.20999999344348907, 0.21400000154972076, 0.2199999988079071, 0.23499999940395355, 0.21899999678134918, 0.23499999940395355, 0.25699999928474426, 0.25600001215934753, 0.2770000100135803, 0.2980000078678131, 0.3149999976158142, 0.35199999809265137, 0.36800000071525574, 0.367000013589859, 0.3880000114440918, 0.3799999952316284, 0.3540000021457672, 0.3009999990463257, 0.22499999403953552, 0.19499999284744263, 0.14499999582767487, 0.125, 0.10999999940395355, 0.0860000029206276, 0.1509999930858612, 0.1850000023841858, 0.24199999868869781, 0.289000004529953, 0.33500000834465027, 0.35199999809265137, 0.33799999952316284, 0.33399999141693115, 0.3310000002384186, 0.2919999957084656, 0.29600000381469727, 0.2680000066757202, 0.27000001072883606, 0.27300000190734863, 0.26600000262260437, 0.2630000114440918, 0.27300000190734863, 0.26499998569488525, 0.26100000739097595, 0.27399998903274536, 0.2939999997615814, 0.3160000145435333, 0.32199999690055847, 0.3580000102519989, 0.4180000126361847, 0.5249999761581421, 0.5809999704360962, 0.6610000133514404, 0.6959999799728394, 0.7099999785423279, 0.7269999980926514, 0.7260000109672546, 0.7319999933242798, 0.7429999709129333, 0.7429999709129333, 0.7289999723434448, 0.7279999852180481, 0.7319999933242798, 0.7310000061988831, 0.7319999933242798, 0.7490000128746033, 0.7549999952316284, 0.7630000114440918, 0.7620000243186951, 0.7639999985694885, 0.765999972820282, 0.7699999809265137, 0.7739999890327454, 0.7870000004768372, 0.7879999876022339, 0.7850000262260437, 0.7820000052452087, 0.7879999876022339, 0.7929999828338623, 0.7960000038146973, 0.800000011920929, 0.800000011920929, 0.8069999814033508, 0.8090000152587891, 0.8240000009536743, 0.8240000009536743, 0.8230000138282776, 0.8220000267028809, 0.8259999752044678, 0.8299999833106995, 0.8360000252723694, 0.8360000252723694, 0.8360000252723694, 0.8309999704360962, 0.8489999771118164, 0.8519999980926514, 0.8640000224113464, 0.8629999756813049, 0.8740000128746033, 0.8659999966621399, 0.8920000195503235, 0.890999972820282, 0.8769999742507935, 0.8500000238418579, 0.8500000238418579, 0.8289999961853027, 0.8289999961853027, 0.8899999856948853, 0.8859999775886536, 0.8870000243186951, 0.890999972820282, 0.8899999856948853, 0.890999972820282, 0.8920000195503235, 0.8920000195503235, 0.8939999938011169, 0.8920000195503235, 0.8949999809265137, 0.902999997138977, 0.9079999923706055, 0.9100000262260437, 0.9129999876022339, 0.9200000166893005, 0.9210000038146973, 0.921999990940094, 0.9129999876022339, 0.9340000152587891, 0.9369999766349792, 0.9340000152587891, 0.9340000152587891, 0.9340000152587891, 0.9330000281333923, 0.9300000071525574, 0.9330000281333923, 0.9309999942779541, 0.9240000247955322, 0.9160000085830688, 0.9240000247955322, 0.9300000071525574, 0.9359999895095825, 0.9369999766349792, 0.9380000233650208, 0.9309999942779541, 0.9240000247955322, 0.9229999780654907, 0.9240000247955322, 0.9269999861717224, 0.9279999732971191, 0.9309999942779541, 0.9340000152587891, 0.9399999976158142, 0.9359999895095825, 0.902999997138977, 0.7059999704360962, 65.53299713134766, 0.39800000190734863, 0.4189999997615814, 0.42399999499320984, 0.4309999942779541, 0.42399999499320984, 0.4410000145435333, 0.44699999690055847, 0.44699999690055847, 0.4339999854564667, 0.4320000112056732, 0.4480000138282776, 0.4480000138282776, 0.44699999690055847, 0.44699999690055847, 0.4480000138282776, 0.4480000138282776, 0.44600000977516174, 0.44699999690055847, 0.4490000009536743, 0.44699999690055847, 0.44600000977516174, 0.4519999921321869, 0.45500001311302185, 0.4580000042915344, 0.460999995470047, 0.45899999141693115, 0.45899999141693115, 0.4560000002384186, 0.45399999618530273, 0.460999995470047, 0.460999995470047, 0.460999995470047, 0.4659999907016754, 0.47099998593330383, 0.47099998593330383, 0.46700000762939453, 0.46399998664855957, 0.4699999988079071, 0.47600001096725464, 0.4779999852180481, 0.4740000069141388, 0.47999998927116394, 0.48100000619888306, 0.4860000014305115, 0.4860000014305115, 0.4830000102519989, 0.4790000021457672, 0.4819999933242798, 0.48500001430511475, 0.4830000102519989, 0.47999998927116394, 0.4909999966621399, 0.49300000071525574, 0.49799999594688416, 0.49900001287460327, 0.4909999966621399, 0.4950000047683716, 0.492000013589859, 0.492000013589859, 0.4909999966621399, 0.5099999904632568, 0.5120000243186951, 0.515999972820282, 0.5090000033378601, 0.5059999823570251, 0.5109999775886536, 0.5189999938011169, 0.5199999809265137, 0.5220000147819519, 0.5220000147819519, 0.527999997138977, 0.5320000052452087, 0.5329999923706055, 0.5379999876022339, 0.5440000295639038, 0.5479999780654907, 0.5450000166893005, 0.5580000281333923, 0.5600000023841858, 0.5609999895095825, 0.5590000152587891, 0.5649999976158142, 0.5730000138282776, 0.574999988079071, 0.5770000219345093, 0.5559999942779541, 0.5730000138282776, 0.5830000042915344, 0.5960000157356262, 0.6039999723434448, 0.6159999966621399, 0.6129999756813049, 0.621999979019165, 0.6179999709129333, 0.6320000290870667, 0.6359999775886536, 0.6470000147819519, 0.6439999938011169, 0.6600000262260437, 0.6430000066757202, 0.6520000100135803, 0.6439999938011169, 0.6589999794960022, 0.6600000262260437, 0.6600000262260437, 0.6539999842643738, 0.6629999876022339, 0.6650000214576721, 0.6589999794960022, 0.6669999957084656, 0.6700000166893005, 0.6679999828338623, 0.6830000281333923, 0.6880000233650208, 0.6909999847412109, 0.6959999799728394, 0.7089999914169312, 0.7170000076293945, 0.7179999947547913, 0.7179999947547913, 0.7120000123977661, 0.7139999866485596, 0.7559999823570251, 0.7269999980926514, 0.7390000224113464, 0.7440000176429749, 0.7429999709129333, 0.7760000228881836, 0.7549999952316284, 0.7820000052452087, 0.7620000243186951, 0.8009999990463257, 65.53299713134766, 0.7400000095367432, 0.7390000224113464, 0.7440000176429749, 0.7409999966621399, 65.53299713134766, 65.53299713134766, 0.8700000047683716, 0.8700000047683716, 0.9649999737739563, 1.0149999856948853, 1.0850000381469727, 1.1169999837875366, 1.097000002861023, 1.0709999799728394, 1.0709999799728394, 1.152999997138977, 1.1469999551773071, 1.1449999809265137, 1.1460000276565552, 1.1519999504089355, 1.156999945640564, 1.1460000276565552, 1.1360000371932983, 1.1440000534057617, 1.1649999618530273, 1.1510000228881836, 1.156999945640564, 1.1579999923706055, 1.159000039100647, 1.1579999923706055, 1.1579999923706055, 1.1579999923706055, 1.159999966621399, 1.1549999713897705, 1.0449999570846558, 1.0149999856948853, 0.9449999928474426, 0.9390000104904175, 0.9210000038146973, 0.9330000281333923, 0.9369999766349792, 0.9369999766349792, 0.9380000233650208, 0.9409999847412109, 0.9390000104904175, 0.9380000233650208, 0.9359999895095825, 0.9380000233650208, 0.9399999976158142, 0.9459999799728394, 0.9449999928474426, 0.9459999799728394, 0.949999988079071, 0.9480000138282776, 0.9520000219345093, 0.9490000009536743, 0.949999988079071, 0.9549999833106995, 0.9599999785423279, 0.9629999995231628, 0.9629999995231628, 0.9700000286102295, 0.968999981880188, 0.968999981880188, 0.972000002861023, 0.9729999899864197, 0.9750000238418579, 0.9729999899864197, 0.9769999980926514, 0.9779999852180481, 0.984000027179718, 1.0, 0.9959999918937683, 0.9950000047683716, 0.9919999837875366, 0.9900000095367432, 0.9950000047683716, 0.996999979019165, 1.00600004196167, 1.0130000114440918, 1.0190000534057617, 1.0260000228881836, 1.0269999504089355, 1.0290000438690186, 1.034000039100647, 1.0369999408721924, 1.0470000505447388, 1.0460000038146973, 1.0420000553131104, 1.0429999828338623, 1.055999994277954, 1.0609999895095825, 1.062000036239624, 1.062000036239624, 1.0859999656677246, 1.0859999656677246, 1.0800000429153442, 1.0920000076293945, 1.0959999561309814, 1.0980000495910645, 1.1019999980926514, 1.1089999675750732, 1.1150000095367432, 1.1390000581741333, 1.315000057220459, 1.315000057220459, 1.3569999933242798, 1.3630000352859497, 1.3680000305175781, 1.3680000305175781, 1.3669999837875366, 1.3730000257492065, 1.3890000581741333, 1.399999976158142, 1.399999976158142, 1.399999976158142, 1.409000039100647, 1.4160000085830688, 1.4179999828338623, 1.4110000133514404, 1.3880000114440918, 1.1419999599456787, 1.090000033378601, 1.062999963760376, 1.0579999685287476, 1.0529999732971191, 1.0460000038146973, 1.0470000505447388, 1.0369999408721924, 1.0329999923706055, 1.0369999408721924, 1.0429999828338623, 1.0290000438690186, 1.0360000133514404, 1.034000039100647, 1.0329999923706055, 1.0379999876022339, 1.0369999408721924, 1.0479999780654907, 1.0420000553131104, 1.0479999780654907, 1.0440000295639038, 1.0470000505447388, 1.065999984741211, 1.0870000123977661, 1.1180000305175781, 1.1959999799728394, 1.5369999408721924, 1.559000015258789, 1.5839999914169312, 1.5989999771118164, 1.6080000400543213, 1.6269999742507935, 1.63100004196167, 1.6319999694824219, 1.6369999647140503, 1.6430000066757202, 1.659000039100647, 1.6660000085830688, 1.6790000200271606, 1.684999942779541, 1.6959999799728394, 1.6959999799728394, 1.7009999752044678, 1.7120000123977661, 1.7239999771118164, 1.7319999933242798, 1.74399995803833, 1.7400000095367432, 1.7230000495910645, 1.715000033378601, 1.7170000076293945, 1.7109999656677246, 1.7070000171661377, 1.7059999704360962, 1.7059999704360962, 1.687999963760376, 1.6779999732971191, 1.6749999523162842, 1.6720000505447388, 1.6629999876022339, 1.659000039100647, 1.6549999713897705, 1.6490000486373901, 1.6410000324249268, 1.628999948501587, 1.628000020980835, 1.6260000467300415, 1.625, 1.6239999532699585, 1.6150000095367432, 1.6089999675750732, 1.6230000257492065, 1.63100004196167, 1.6480000019073486, 1.7120000123977661, 1.8660000562667847, 2.0399999618530273, 2.072999954223633, 2.0950000286102295, 2.0989999771118164, 1.0789999961853027, 0.7369999885559082, 0.671999990940094, 0.6610000133514404, 0.6570000052452087, 0.6629999876022339, 0.6620000004768372, 0.6570000052452087, 0.6589999794960022, 0.656000018119812, 0.6570000052452087, 0.6589999794960022, 0.6589999794960022, 0.6579999923706055, 0.6600000262260437, 0.6589999794960022, 0.6549999713897705, 0.640999972820282, 0.6309999823570251, 0.6179999709129333, 0.5870000123977661, 0.5400000214576721, 0.5239999890327454, 0.5189999938011169, 0.5239999890327454, 0.5220000147819519, 0.5199999809265137, 0.5180000066757202, 0.5139999985694885, 0.5139999985694885, 0.5109999775886536, 0.5099999904632568, 0.5070000290870667, 0.5040000081062317, 0.5049999952316284, 0.5019999742507935, 0.4970000088214874, 0.49399998784065247, 0.48899999260902405, 0.49000000953674316, 0.49000000953674316, 0.48399999737739563, 0.492000013589859, 0.4909999966621399, 0.4860000014305115, 0.4830000102519989, 0.4830000102519989, 0.4830000102519989, 0.4959999918937683, 0.49799999594688416, 0.5, 0.5, 0.5019999742507935, 0.5019999742507935, 0.49300000071525574, 0.4749999940395355, 0.4620000123977661, 0.45100000500679016, 0.4480000138282776, 0.44699999690055847, 0.44600000977516174, 0.4440000057220459, 0.44600000977516174, 0.44999998807907104, 0.44600000977516174, 0.4390000104904175, 0.4399999976158142, 0.44200000166893005, 0.4480000138282776, 0.4449999928474426, 0.4339999854564667, 0.4300000071525574, 0.41200000047683716, 0.414000004529953, 0.4129999876022339, 0.41100001335144043, 0.41200000047683716, 0.4090000092983246, 0.4129999876022339, 0.41499999165534973, 0.41200000047683716, 0.41200000047683716, 0.4129999876022339, 0.41499999165534973, 0.414000004529953, 0.41499999165534973, 0.41499999165534973, 0.41499999165534973, 0.41600000858306885, 0.41600000858306885, 0.4169999957084656, 0.4189999997615814, 0.4259999990463257, 0.42100000381469727, 0.41600000858306885, 0.414000004529953, 0.414000004529953, 0.41600000858306885, 0.414000004529953, 0.4129999876022339, 0.4129999876022339, 0.4169999957084656, 0.4230000078678131, 0.42399999499320984, 0.421999990940094, 0.421999990940094, 0.42500001192092896, 0.42899999022483826, 0.43299999833106995, 0.4309999942779541, 0.42899999022483826, 0.42899999022483826, 0.42899999022483826, 0.4269999861717224, 0.4300000071525574, 0.43299999833106995, 0.4309999942779541, 0.42899999022483826, 0.42800000309944153, 0.4259999990463257, 0.4359999895095825, 0.43799999356269836, 0.4429999887943268, 0.44600000977516174, 0.44999998807907104, 0.45500001311302185, 0.4449999928474426, 0.4480000138282776, 0.44999998807907104, 0.4880000054836273, 0.5210000276565552, 0.593999981880188, 0.7070000171661377, 0.7110000252723694, 0.7099999785423279, 0.7099999785423279, 0.7149999737739563, 0.7149999737739563, 0.7160000205039978, 0.7160000205039978, 0.7160000205039978, 0.7170000076293945, 0.7170000076293945, 0.7149999737739563, 0.7059999704360962, 0.7039999961853027, 0.7049999833106995, 0.7059999704360962, 0.7049999833106995, 0.7039999961853027, 0.7039999961853027, 0.7049999833106995, 0.6919999718666077, 0.699999988079071, 0.6990000009536743, 0.7099999785423279, 0.7129999995231628, 0.7039999961853027, 2.9110000133514404, 2.9130001068115234, 2.9130001068115234, 2.9149999618530273, 3.005000114440918, 3.2049999237060547, 3.2090001106262207, 3.2119998931884766, 3.2100000381469727, 3.2119998931884766, 3.2139999866485596, 3.2290000915527344, 3.2100000381469727, 3.2049999237060547, 3.203000068664551, 3.2009999752044678, 3.196000099182129, 3.1689999103546143, 3.0989999771118164, 3.0329999923706055, 2.9609999656677246, 2.9000000953674316, 2.8919999599456787, 2.8949999809265137, 11.03499984741211, 11.050000190734863, 11.055000305175781, 11.072999954223633, 11.07800006866455, 11.08899974822998, 11.123000144958496, 11.131999969482422, 11.154000282287598, 11.15999984741211, 11.168000221252441, 11.199000358581543, 11.208000183105469, 11.220999717712402, 11.22700023651123, 11.260000228881836, 11.265999794006348, 11.286999702453613, 11.312000274658203, 11.333999633789062, 11.354000091552734, 11.36400032043457, 11.383999824523926, 11.402000427246094, 11.413999557495117, 11.442999839782715, 11.4399995803833, 11.394000053405762, 11.298999786376953, 11.218000411987305, 11.218000411987305, 11.229999542236328, 11.246000289916992, 11.246000289916992, 65.53299713134766, 65.53299713134766, 65.53299713134766, 65.53299713134766, 65.53299713134766, 65.53299713134766, 65.53299713134766, 65.53299713134766, 65.53299713134766, 65.53299713134766, 65.53299713134766, 65.53299713134766, 65.53299713134766, 65.53299713134766, 65.53299713134766, 65.53299713134766, 65.53299713134766, 65.53299713134766, 65.53299713134766, 65.53299713134766, 65.53299713134766, 65.53299713134766, 65.53299713134766, 65.53299713134766, 65.53299713134766, 65.53299713134766, 3.9130001068115234, 3.9040000438690186, 3.88700008392334, 3.875999927520752, 3.875999927520752, 3.8989999294281006, 3.8970000743865967, 3.9040000438690186, 3.927000045776367, 3.936000108718872, 3.9489998817443848, 3.9600000381469727, 3.9730000495910645, 3.9830000400543213, 3.994999885559082, 4.014999866485596, 4.01800012588501, 4.03000020980835, 4.0329999923706055, 4.053999900817871, 4.061999797821045, 4.083000183105469, 4.089000225067139, 4.0980000495910645, 4.120999813079834, 4.124000072479248, 4.139999866485596, 4.163000106811523, 4.175000190734863, 4.190999984741211, 4.197000026702881, 4.203000068664551, 4.201000213623047, 4.144999980926514, 65.53299713134766, 65.53299713134766, 65.53299713134766, 65.53299713134766, 65.53299713134766, 65.53299713134766, 65.53299713134766, 65.53299713134766, 65.53299713134766, 65.53299713134766, 65.53299713134766, 65.53299713134766, 65.53299713134766, 65.53299713134766, 65.53299713134766, 65.53299713134766, 65.53299713134766, 65.53299713134766, 65.53299713134766, 65.53299713134766, 65.53299713134766, 65.53299713134766, 65.53299713134766, 65.53299713134766, 4.46999979019165, 4.46999979019165, 4.4720001220703125, 4.4679999351501465, 4.4720001220703125, 4.4710001945495605, 4.474999904632568, 4.48199987411499, 4.484000205993652, 4.519999980926514, 4.513999938964844, 4.502999782562256, 4.506999969482422, 4.517000198364258, 4.513999938964844, 4.517000198364258, 4.504000186920166, 3.6500000953674316, 3.4790000915527344, 3.486999988555908, 3.4760000705718994, 3.4860000610351562, 3.4730000495910645, 3.4600000381469727, 3.4639999866485596, 3.4709999561309814, 3.4790000915527344, 3.4670000076293945, 3.441999912261963, 3.4149999618530273, 3.4010000228881836, 3.384000062942505, 3.384999990463257, 3.384999990463257, 3.3929998874664307, 3.4000000953674316, 3.4140000343322754, 3.4240000247955322, 3.447999954223633, 3.4719998836517334, 3.4839999675750732, 3.50600004196167, 3.9579999446868896, 4.636000156402588, 4.629000186920166, 4.61299991607666, 4.605000019073486, 4.584000110626221, 4.566999912261963, 4.551000118255615, 4.550000190734863, 4.535999774932861, 4.5279998779296875, 4.508999824523926, 4.499000072479248, 4.484000205993652, 4.4730000495910645, 4.456999778747559, 4.449999809265137, 4.435999870300293, 3.015000104904175, 2.99399995803833, 3.0360000133514404, 3.046999931335449, 3.046999931335449, 3.066999912261963, 3.0920000076293945, 3.11299991607666, 3.1489999294281006, 3.174999952316284, 3.191999912261963, 3.2160000801086426, 3.24399995803833, 3.2780001163482666, 3.312000036239624, 3.3459999561309814, 3.361999988555908, 3.390000104904175, 3.4140000343322754, 3.430000066757202, 3.4679999351501465, 3.503999948501587, 3.5390000343322754, 3.562999963760376, 3.5999999046325684, 3.6419999599456787, 3.6710000038146973, 3.7070000171661377, 3.743000030517578, 3.7750000953674316, 3.809000015258789, 3.8269999027252197, 3.885999917984009, 3.9089999198913574, 3.9570000171661377, 3.994999885559082, 4.035999774932861, 4.053999900817871, 4.061999797821045, 4.077000141143799, 4.070000171661377, 4.063000202178955, 4.047999858856201, 4.047999858856201, 4.041999816894531, 4.041999816894531, 4.025000095367432, 4.025000095367432, 4.019999980926514, 4.019999980926514, 2.934999942779541, 2.867000102996826, 2.8580000400543213, 2.877000093460083, 2.98799991607666, 3.0969998836517334, 2.946000099182129, 2.8489999771118164, 2.818000078201294, 2.7720000743865967, 2.760999917984009, 2.73799991607666, 2.7160000801086426, 2.697999954223633, 2.684000015258789, 2.680999994277954, 2.674999952316284, 2.6710000038146973, 2.677000045776367, 2.6679999828338623, 2.683000087738037, 2.690000057220459, 2.7049999237060547, 2.7679998874664307, 2.8970000743865967, 3.0339999198913574, 3.8510000705718994, 3.8589999675750732, 3.8559999465942383, 3.8499999046325684, 3.8519999980926514, 3.8510000705718994, 3.819000005722046, 3.1489999294281006, 3.11899995803833, 3.13100004196167, 3.23799991607666, 3.2709999084472656, 3.2260000705718994, 3.2260000705718994, 3.812000036239624, 3.811000108718872, 3.799999952316284, 3.7690000534057617, 3.755000114440918, 3.755000114440918, 3.746000051498413, 2.5230000019073486, 2.4210000038146973, 3.7909998893737793, 3.7909998893737793, 3.7960000038146973, 4.006999969482422, 4.040999889373779, 4.040999889373779, 65.53299713134766, 65.53299713134766, 65.53299713134766, 4.2769999504089355, 4.2769999504089355, 65.53299713134766, 65.53299713134766, 65.53299713134766, 65.53299713134766, 65.53299713134766, 65.53299713134766, 65.53299713134766, 65.53299713134766, 65.53299713134766, 65.53299713134766, 65.53299713134766, 65.53299713134766, 2.999000072479248, 2.8889999389648438, 3.1530001163482666, 3.4070000648498535, 3.5380001068115234, 3.756999969482422, 3.7769999504089355, 3.7820000648498535, 3.7780001163482666, 3.7720000743865967, 3.7709999084472656, 3.7709999084472656, 3.7720000743865967, 3.7799999713897705, 3.7750000953674316, 3.7309999465942383, 3.7239999771118164, 3.7760000228881836, 3.7790000438690186, 3.7829999923706055, 3.7790000438690186, 3.7780001163482666, 3.7769999504089355, 3.7820000648498535, 3.7869999408721924, 3.7880001068115234, 3.752000093460083, 3.6500000953674316, 2.627000093460083, 2.117000102996826, 2.000999927520752, 1.9850000143051147, 1.9819999933242798, 1.9730000495910645, 1.9620000123977661, 1.944000005722046, 1.9279999732971191, 1.9249999523162842, 1.937000036239624, 1.9390000104904175, 1.9299999475479126, 1.934999942779541, 1.937999963760376, 1.9190000295639038, 1.9179999828338623, 1.9160000085830688, 1.9149999618530273, 1.9170000553131104, 1.9229999780654907, 1.9329999685287476, 1.937999963760376, 1.9299999475479126, 1.9299999475479126, 1.9249999523162842, 1.9210000038146973, 1.9240000247955322, 1.9869999885559082, 2.0420000553131104, 2.065999984741211, 1.9700000286102295, 3.996000051498413, 4.006999969482422, 4.056000232696533, 4.074999809265137, 4.085000038146973, 4.090000152587891, 4.085999965667725, 4.081999778747559, 4.041999816894531, 4.013999938964844, 4.0269999504089355, 4.090000152587891, 4.1570000648498535, 4.26800012588501, 4.583000183105469, 4.567999839782715, 4.511000156402588, 4.4629998207092285, 4.3979997634887695, 4.3379998207092285, 4.275000095367432, 4.230000019073486, 4.171000003814697, 4.113999843597412, 4.071000099182129, 4.011000156402588, 3.9809999465942383]
intensities: [525.0, 516.0, 543.0, 625.0, 832.0, 783.0, 700.0, 446.0, 446.0, 467.0, 509.0, 555.0, 561.0, 583.0, 564.0, 556.0, 507.0, 503.0, 551.0, 549.0, 549.0, 540.0, 533.0, 554.0, 553.0, 546.0, 544.0, 599.0, 597.0, 592.0, 554.0, 513.0, 533.0, 561.0, 586.0, 620.0, 627.0, 625.0, 681.0, 699.0, 675.0, 630.0, 545.0, 536.0, 526.0, 516.0, 523.0, 504.0, 595.0, 660.0, 731.0, 754.0, 772.0, 744.0, 682.0, 680.0, 679.0, 597.0, 609.0, 644.0, 709.0, 740.0, 788.0, 799.0, 835.0, 842.0, 900.0, 940.0, 973.0, 1018.0, 1010.0, 1016.0, 982.0, 965.0, 945.0, 959.0, 971.0, 969.0, 1052.0, 1047.0, 1063.0, 1087.0, 1087.0, 1098.0, 1098.0, 1129.0, 1145.0, 1161.0, 1239.0, 1256.0, 1296.0, 1286.0, 1296.0, 1296.0, 1301.0, 1275.0, 1291.0, 1291.0, 1269.0, 1261.0, 1258.0, 1270.0, 1257.0, 1273.0, 1269.0, 1231.0, 1237.0, 1265.0, 1265.0, 1244.0, 1218.0, 1212.0, 1209.0, 1208.0, 1211.0, 1210.0, 1190.0, 1221.0, 1233.0, 1227.0, 1254.0, 1296.0, 1161.0, 1195.0, 878.0, 456.0, 395.0, 335.0, 278.0, 278.0, 586.0, 789.0, 809.0, 828.0, 833.0, 838.0, 844.0, 831.0, 825.0, 819.0, 814.0, 822.0, 823.0, 815.0, 814.0, 816.0, 820.0, 824.0, 812.0, 826.0, 829.0, 824.0, 817.0, 817.0, 809.0, 802.0, 808.0, 805.0, 790.0, 764.0, 769.0, 773.0, 776.0, 774.0, 764.0, 750.0, 750.0, 750.0, 734.0, 723.0, 720.0, 720.0, 698.0, 681.0, 630.0, 565.0, 363.0, 0.0, 579.0, 726.0, 761.0, 797.0, 735.0, 747.0, 808.0, 815.0, 822.0, 823.0, 841.0, 841.0, 839.0, 838.0, 831.0, 831.0, 827.0, 827.0, 824.0, 814.0, 808.0, 810.0, 810.0, 807.0, 811.0, 804.0, 795.0, 792.0, 788.0, 792.0, 781.0, 781.0, 783.0, 781.0, 777.0, 772.0, 760.0, 763.0, 767.0, 758.0, 751.0, 752.0, 735.0, 741.0, 741.0, 730.0, 721.0, 723.0, 725.0, 721.0, 718.0, 710.0, 705.0, 707.0, 700.0, 696.0, 681.0, 671.0, 671.0, 666.0, 659.0, 657.0, 660.0, 637.0, 627.0, 619.0, 615.0, 610.0, 596.0, 596.0, 586.0, 583.0, 578.0, 575.0, 574.0, 574.0, 568.0, 570.0, 554.0, 554.0, 551.0, 558.0, 545.0, 540.0, 537.0, 517.0, 529.0, 531.0, 538.0, 531.0, 529.0, 527.0, 540.0, 526.0, 523.0, 513.0, 516.0, 509.0, 505.0, 506.0, 499.0, 464.0, 454.0, 453.0, 453.0, 432.0, 437.0, 419.0, 389.0, 366.0, 350.0, 350.0, 361.0, 366.0, 357.0, 332.0, 326.0, 326.0, 310.0, 310.0, 294.0, 294.0, 324.0, 276.0, 275.0, 266.0, 217.0, 228.0, 191.0, 157.0, 142.0, 172.0, 0.0, 170.0, 164.0, 155.0, 166.0, 0.0, 0.0, 272.0, 264.0, 342.0, 379.0, 448.0, 514.0, 568.0, 611.0, 699.0, 1040.0, 1113.0, 1136.0, 1134.0, 1152.0, 1170.0, 1144.0, 1119.0, 1117.0, 1141.0, 1130.0, 1165.0, 1139.0, 1135.0, 1132.0, 1130.0, 1130.0, 1144.0, 1124.0, 1154.0, 1158.0, 771.0, 675.0, 749.0, 853.0, 866.0, 866.0, 854.0, 848.0, 839.0, 833.0, 826.0, 824.0, 816.0, 804.0, 796.0, 793.0, 788.0, 779.0, 781.0, 777.0, 768.0, 766.0, 761.0, 755.0, 746.0, 747.0, 746.0, 735.0, 735.0, 731.0, 732.0, 711.0, 716.0, 697.0, 694.0, 712.0, 696.0, 683.0, 683.0, 684.0, 671.0, 670.0, 659.0, 657.0, 646.0, 644.0, 642.0, 636.0, 635.0, 635.0, 631.0, 629.0, 626.0, 629.0, 623.0, 616.0, 598.0, 588.0, 591.0, 591.0, 579.0, 586.0, 584.0, 583.0, 586.0, 592.0, 589.0, 574.0, 799.0, 799.0, 1079.0, 1110.0, 1114.0, 1097.0, 1093.0, 1088.0, 1096.0, 1108.0, 1082.0, 1082.0, 1090.0, 1098.0, 1088.0, 1096.0, 1101.0, 1230.0, 1218.0, 1207.0, 1205.0, 1158.0, 1117.0, 1166.0, 1195.0, 1230.0, 1247.0, 1296.0, 1279.0, 1340.0, 1292.0, 1264.0, 1305.0, 1224.0, 1200.0, 1110.0, 1124.0, 1200.0, 1209.0, 1229.0, 1252.0, 1276.0, 1269.0, 1129.0, 1110.0, 1103.0, 1096.0, 1104.0, 1093.0, 1101.0, 1071.0, 1082.0, 1077.0, 1090.0, 1086.0, 1110.0, 1119.0, 1114.0, 1114.0, 1123.0, 1097.0, 1051.0, 1055.0, 897.0, 873.0, 924.0, 1023.0, 1085.0, 1101.0, 1090.0, 1122.0, 1109.0, 1118.0, 1131.0, 1112.0, 1116.0, 1112.0, 1101.0, 1102.0, 1119.0, 1116.0, 1100.0, 1109.0, 1120.0, 1121.0, 1119.0, 1123.0, 1113.0, 1159.0, 1196.0, 1196.0, 1196.0, 1100.0, 1046.0, 1027.0, 1022.0, 993.0, 1387.0, 1537.0, 1407.0, 1373.0, 1425.0, 1449.0, 1413.0, 1407.0, 1446.0, 1605.0, 1667.0, 1783.0, 1778.0, 1742.0, 1642.0, 1554.0, 1577.0, 1579.0, 1615.0, 1586.0, 1419.0, 1333.0, 1314.0, 1357.0, 1452.0, 1475.0, 1533.0, 1588.0, 1659.0, 1642.0, 1549.0, 1483.0, 1466.0, 1469.0, 1476.0, 1469.0, 1371.0, 1339.0, 1303.0, 1447.0, 1447.0, 1629.0, 1800.0, 1820.0, 1858.0, 1913.0, 1901.0, 1901.0, 1879.0, 1886.0, 1846.0, 1846.0, 1776.0, 1776.0, 1680.0, 1488.0, 1503.0, 1527.0, 1622.0, 1752.0, 1794.0, 1753.0, 1809.0, 1846.0, 1905.0, 1892.0, 1918.0, 1858.0, 1846.0, 1834.0, 1681.0, 1502.0, 1624.0, 1698.0, 1710.0, 1734.0, 1746.0, 1773.0, 1768.0, 1774.0, 1770.0, 1784.0, 1785.0, 1796.0, 1770.0, 1796.0, 1796.0, 1767.0, 1767.0, 1770.0, 1767.0, 1779.0, 1785.0, 1771.0, 1765.0, 1757.0, 1757.0, 1670.0, 1640.0, 1611.0, 1597.0, 1559.0, 1474.0, 1456.0, 1419.0, 1419.0, 1385.0, 1356.0, 1356.0, 1338.0, 1340.0, 1358.0, 1382.0, 1362.0, 1409.0, 1472.0, 1493.0, 1496.0, 1501.0, 1501.0, 1503.0, 1502.0, 1511.0, 1508.0, 1522.0, 1457.0, 1269.0, 1198.0, 1121.0, 1222.0, 1220.0, 1306.0, 1377.0, 1378.0, 1389.0, 1389.0, 1395.0, 1401.0, 1407.0, 1406.0, 1406.0, 1413.0, 1420.0, 1430.0, 1461.0, 1440.0, 1469.0, 1444.0, 1472.0, 1439.0, 1432.0, 1342.0, 1181.0, 1086.0, 956.0, 841.0, 634.0, 365.0, 757.0, 763.0, 766.0, 769.0, 851.0, 930.0, 929.0, 937.0, 942.0, 937.0, 936.0, 940.0, 922.0, 924.0, 916.0, 909.0, 920.0, 891.0, 874.0, 862.0, 861.0, 789.0, 747.0, 513.0, 516.0, 518.0, 522.0, 520.0, 522.0, 515.0, 529.0, 523.0, 532.0, 517.0, 518.0, 521.0, 510.0, 518.0, 517.0, 526.0, 511.0, 520.0, 493.0, 515.0, 514.0, 515.0, 510.0, 520.0, 520.0, 513.0, 515.0, 537.0, 539.0, 576.0, 591.0, 564.0, 493.0, 493.0, 0.0, 0.0, 0.0, 0.0, 0.0, 0.0, 0.0, 0.0, 0.0, 0.0, 0.0, 0.0, 0.0, 0.0, 0.0, 0.0, 0.0, 0.0, 0.0, 0.0, 0.0, 0.0, 0.0, 0.0, 0.0, 0.0, 749.0, 772.0, 840.0, 869.0, 878.0, 881.0, 871.0, 862.0, 862.0, 856.0, 858.0, 857.0, 852.0, 849.0, 847.0, 860.0, 857.0, 803.0, 753.0, 755.0, 736.0, 754.0, 739.0, 737.0, 730.0, 717.0, 718.0, 718.0, 708.0, 709.0, 694.0, 680.0, 668.0, 570.0, 0.0, 0.0, 0.0, 0.0, 0.0, 0.0, 0.0, 0.0, 0.0, 0.0, 0.0, 0.0, 0.0, 0.0, 0.0, 0.0, 0.0, 0.0, 0.0, 0.0, 0.0, 0.0, 0.0, 0.0, 900.0, 885.0, 871.0, 833.0, 827.0, 814.0, 817.0, 799.0, 764.0, 756.0, 768.0, 782.0, 781.0, 785.0, 785.0, 792.0, 781.0, 1044.0, 810.0, 830.0, 755.0, 725.0, 749.0, 773.0, 744.0, 750.0, 772.0, 793.0, 837.0, 817.0, 812.0, 799.0, 813.0, 813.0, 819.0, 818.0, 816.0, 718.0, 610.0, 546.0, 431.0, 372.0, 840.0, 651.0, 658.0, 663.0, 670.0, 687.0, 692.0, 690.0, 701.0, 705.0, 712.0, 711.0, 725.0, 724.0, 733.0, 742.0, 748.0, 751.0, 330.0, 722.0, 838.0, 844.0, 844.0, 842.0, 839.0, 825.0, 833.0, 832.0, 826.0, 823.0, 833.0, 828.0, 843.0, 847.0, 839.0, 840.0, 832.0, 805.0, 797.0, 800.0, 807.0, 808.0, 818.0, 806.0, 795.0, 790.0, 793.0, 772.0, 759.0, 743.0, 733.0, 734.0, 743.0, 737.0, 760.0, 774.0, 834.0, 931.0, 902.0, 874.0, 876.0, 876.0, 845.0, 845.0, 843.0, 843.0, 783.0, 783.0, 1220.0, 1302.0, 1365.0, 1363.0, 1309.0, 1022.0, 779.0, 689.0, 732.0, 768.0, 799.0, 803.0, 797.0, 794.0, 834.0, 840.0, 821.0, 807.0, 812.0, 802.0, 810.0, 807.0, 830.0, 928.0, 1271.0, 1247.0, 910.0, 912.0, 912.0, 917.0, 925.0, 927.0, 909.0, 1197.0, 1211.0, 1167.0, 1160.0, 1170.0, 1179.0, 1179.0, 916.0, 899.0, 867.0, 837.0, 892.0, 892.0, 895.0, 1431.0, 1422.0, 888.0, 888.0, 824.0, 353.0, 305.0, 305.0, 0.0, 0.0, 0.0, 214.0, 214.0, 0.0, 0.0, 0.0, 0.0, 0.0, 0.0, 0.0, 0.0, 0.0, 0.0, 0.0, 0.0, 869.0, 582.0, 1093.0, 1065.0, 1008.0, 922.0, 920.0, 920.0, 911.0, 917.0, 918.0, 918.0, 909.0, 915.0, 918.0, 937.0, 940.0, 920.0, 921.0, 915.0, 925.0, 925.0, 919.0, 926.0, 933.0, 929.0, 899.0, 872.0, 1264.0, 1530.0, 1601.0, 1133.0, 1104.0, 1092.0, 1103.0, 1107.0, 1098.0, 1065.0, 1081.0, 999.0, 953.0, 967.0, 1003.0, 1085.0, 1216.0, 1159.0, 1020.0, 1024.0, 1024.0, 1021.0, 1055.0, 1102.0, 1102.0, 1106.0, 1102.0, 1108.0, 1481.0, 1665.0, 1213.0, 500.0, 898.0, 898.0, 911.0, 918.0, 913.0, 917.0, 901.0, 901.0, 908.0, 932.0, 912.0, 900.0, 909.0, 877.0, 655.0, 656.0, 652.0, 665.0, 671.0, 672.0, 686.0, 703.0, 713.0, 728.0, 714.0, 662.0, 611.0]