header: 
  seq: 120
  stamp: 
    secs: 1545084460
    nsecs: 978828499
  frame_id: "base_link"
angle_min: -2.35619449615
angle_max: 2.35619449615
angle_increment: 0.00436332309619
time_increment: 1.73611151695e-05
scan_time: 0.0250000003725
range_min: 0.019999999553
range_max: 30.0
ranges: [0.15399999916553497, 0.16599999368190765, 0.1979999989271164, 0.24199999868869781, 0.3370000123977661, 0.34299999475479126, 0.37599998712539673, 0.2290000021457672, 0.1850000023841858, 0.20000000298023224, 0.1889999955892563, 0.1979999989271164, 0.20900000631809235, 0.20800000429153442, 0.21400000154972076, 0.20600000023841858, 0.20600000023841858, 0.20000000298023224, 0.20200000703334808, 0.20200000703334808, 0.20800000429153442, 0.2199999988079071, 0.21899999678134918, 0.21299999952316284, 0.2070000022649765, 0.2150000035762787, 0.21299999952316284, 0.2290000021457672, 0.2329999953508377, 0.2370000034570694, 0.26600000262260437, 0.2529999911785126, 0.2770000100135803, 0.3100000023841858, 0.3199999928474426, 0.3409999907016754, 0.36899998784065247, 0.3779999911785126, 0.39800000190734863, 0.41999998688697815, 0.3880000114440918, 0.35199999809265137, 0.28200000524520874, 0.21799999475479126, 0.1679999977350235, 0.10499999672174454, 0.11699999868869781, 0.10999999940395355, 0.17399999499320984, 0.20999999344348907, 0.289000004529953, 0.29600000381469727, 0.37700000405311584, 0.37700000405311584, 0.375, 0.3499999940395355, 0.35600000619888306, 0.34700000286102295, 0.328000009059906, 0.2930000126361847, 0.2630000114440918, 0.25999999046325684, 0.2460000067949295, 0.25, 0.25, 0.25600001215934753, 0.2680000066757202, 0.27399998903274536, 0.2750000059604645, 0.27799999713897705, 0.3100000023841858, 0.32199999690055847, 0.37700000405311584, 0.47699999809265137, 0.5580000281333923, 0.6389999985694885, 0.6819999814033508, 0.7080000042915344, 0.7170000076293945, 0.7239999771118164, 0.734000027179718, 0.7379999756813049, 0.7360000014305115, 0.7329999804496765, 0.7369999885559082, 0.7360000014305115, 0.718999981880188, 0.7279999852180481, 0.746999979019165, 0.7590000033378601, 0.7620000243186951, 0.7630000114440918, 0.7630000114440918, 0.7689999938011169, 0.7720000147819519, 0.7710000276565552, 0.7770000100135803, 0.781000018119812, 0.7829999923706055, 0.7829999923706055, 0.7889999747276306, 0.7889999747276306, 0.7910000085830688, 0.7960000038146973, 0.796999990940094, 0.8019999861717224, 0.8169999718666077, 0.8240000009536743, 0.8190000057220459, 0.8299999833106995, 0.8299999833106995, 0.8220000267028809, 0.8370000123977661, 0.8379999995231628, 0.8389999866485596, 0.8429999947547913, 0.8489999771118164, 0.8489999771118164, 0.8600000143051147, 0.8690000176429749, 0.8690000176429749, 0.8700000047683716, 0.8840000033378601, 0.878000020980835, 0.8899999856948853, 0.878000020980835, 0.8619999885559082, 0.8579999804496765, 0.8579999804496765, 0.8420000076293945, 0.8769999742507935, 0.8899999856948853, 0.890999972820282, 0.8809999823570251, 0.8820000290870667, 0.8849999904632568, 0.8830000162124634, 0.8980000019073486, 0.8960000276565552, 0.9020000100135803, 0.9039999842643738, 0.9070000052452087, 0.9129999876022339, 0.9120000004768372, 0.9089999794960022, 0.9129999876022339, 0.9150000214576721, 0.9150000214576721, 0.9120000004768372, 0.9240000247955322, 0.9259999990463257, 0.9350000023841858, 0.925000011920929, 0.9179999828338623, 0.9160000085830688, 0.9160000085830688, 0.9179999828338623, 0.921999990940094, 0.9300000071525574, 0.9290000200271606, 0.9279999732971191, 0.9279999732971191, 0.9269999861717224, 0.9290000200271606, 0.9190000295639038, 0.9259999990463257, 0.925000011920929, 0.9259999990463257, 0.9269999861717224, 0.9300000071525574, 0.9309999942779541, 0.9210000038146973, 0.9390000104904175, 0.9279999732971191, 0.9139999747276306, 0.9110000133514404, 0.9110000133514404, 65.53299713134766, 65.53299713134766, 0.38499999046325684, 0.3970000147819519, 0.4099999964237213, 0.40700000524520874, 0.40700000524520874, 0.43700000643730164, 0.43799999356269836, 0.43299999833106995, 0.43700000643730164, 0.4410000145435333, 0.44600000977516174, 0.4490000009536743, 0.4390000104904175, 0.4339999854564667, 0.4390000104904175, 0.4480000138282776, 0.4480000138282776, 0.4480000138282776, 0.4429999887943268, 0.4429999887943268, 0.44999998807907104, 0.4560000002384186, 0.45100000500679016, 0.4480000138282776, 0.4519999921321869, 0.46000000834465027, 0.4620000123977661, 0.460999995470047, 0.4620000123977661, 0.460999995470047, 0.4580000042915344, 0.46299999952316284, 0.46700000762939453, 0.47200000286102295, 0.47200000286102295, 0.4650000035762787, 0.453000009059906, 0.453000009059906, 0.4569999873638153, 0.4779999852180481, 0.47999998927116394, 0.492000013589859, 0.4779999852180481, 0.4779999852180481, 0.4790000021457672, 0.47999998927116394, 0.48500001430511475, 0.48899999260902405, 0.48899999260902405, 0.48899999260902405, 0.4880000054836273, 0.49300000071525574, 0.5, 0.4959999918937683, 0.4950000047683716, 0.4909999966621399, 0.49399998784065247, 0.49799999594688416, 0.49799999594688416, 0.4959999918937683, 0.5, 0.5019999742507935, 0.5040000081062317, 0.5040000081062317, 0.5070000290870667, 0.515999972820282, 0.515999972820282, 0.5120000243186951, 0.5120000243186951, 0.5120000243186951, 0.5139999985694885, 0.5249999761581421, 0.5379999876022339, 0.5419999957084656, 0.5450000166893005, 0.5400000214576721, 0.5450000166893005, 0.5450000166893005, 0.550000011920929, 0.5479999780654907, 0.5619999766349792, 0.574999988079071, 0.5770000219345093, 0.5740000009536743, 0.5789999961853027, 0.5910000205039978, 0.5899999737739563, 0.6060000061988831, 0.6100000143051147, 0.6079999804496765, 0.6079999804496765, 0.6190000176429749, 0.6340000033378601, 0.6389999985694885, 0.6389999985694885, 0.6330000162124634, 0.6449999809265137, 0.6520000100135803, 0.6470000147819519, 0.6420000195503235, 0.6290000081062317, 0.621999979019165, 0.6389999985694885, 0.6549999713897705, 0.6309999823570251, 0.6240000128746033, 65.53299713134766, 0.6579999923706055, 0.6639999747276306, 0.6759999990463257, 0.6759999990463257, 0.6819999814033508, 0.6869999766349792, 0.6959999799728394, 0.6729999780654907, 0.699999988079071, 0.7139999866485596, 0.718999981880188, 0.7260000109672546, 0.753000020980835, 0.7329999804496765, 0.722000002861023, 0.722000002861023, 0.7149999737739563, 0.7639999985694885, 0.753000020980835, 0.7649999856948853, 0.7609999775886536, 0.7580000162124634, 0.7850000262260437, 0.7850000262260437, 65.53299713134766, 0.7559999823570251, 0.7559999823570251, 65.53299713134766, 65.53299713134766, 65.53299713134766, 65.53299713134766, 65.53299713134766, 0.8899999856948853, 1.0080000162124634, 0.9900000095367432, 1.11899995803833, 1.1059999465942383, 1.0889999866485596, 1.0870000123977661, 1.0889999866485596, 1.1430000066757202, 1.1490000486373901, 1.1490000486373901, 1.1549999713897705, 1.1510000228881836, 1.1490000486373901, 1.1469999551773071, 1.1540000438690186, 1.1540000438690186, 1.159999966621399, 1.159999966621399, 1.156999945640564, 1.156000018119812, 1.159000039100647, 1.1610000133514404, 1.159999966621399, 1.1540000438690186, 1.1579999923706055, 1.149999976158142, 1.0570000410079956, 1.0210000276565552, 0.9509999752044678, 0.9409999847412109, 0.9279999732971191, 0.9259999990463257, 0.9340000152587891, 0.9309999942779541, 0.9369999766349792, 0.9419999718666077, 0.9390000104904175, 0.9419999718666077, 0.9399999976158142, 0.9330000281333923, 0.9440000057220459, 0.9359999895095825, 0.9449999928474426, 0.9470000267028809, 0.9470000267028809, 0.949999988079071, 0.9490000009536743, 0.949999988079071, 0.9559999704360962, 0.9449999928474426, 0.9470000267028809, 0.9589999914169312, 0.9539999961853027, 0.9639999866485596, 0.9649999737739563, 0.9750000238418579, 0.968999981880188, 0.9750000238418579, 0.9810000061988831, 0.9869999885559082, 0.9909999966621399, 0.9789999723434448, 0.9739999771118164, 0.984000027179718, 0.9869999885559082, 0.9869999885559082, 0.9850000143051147, 0.984000027179718, 0.9990000128746033, 1.0080000162124634, 1.0140000581741333, 1.0140000581741333, 1.0230000019073486, 1.0260000228881836, 1.0269999504089355, 1.027999997138977, 1.031000018119812, 1.034000039100647, 1.0410000085830688, 1.0549999475479126, 1.0520000457763672, 1.0509999990463257, 1.0499999523162842, 1.0579999685287476, 1.0609999895095825, 1.0679999589920044, 1.093000054359436, 1.0880000591278076, 1.0839999914169312, 1.0889999866485596, 1.0989999771118164, 1.0989999771118164, 1.100000023841858, 1.1100000143051147, 1.128000020980835, 1.1440000534057617, 1.1920000314712524, 1.2640000581741333, 1.3489999771118164, 1.3580000400543213, 1.3550000190734863, 1.3589999675750732, 1.371999979019165, 1.3730000257492065, 1.3860000371932983, 1.3880000114440918, 1.3969999551773071, 1.402999997138977, 1.4019999504089355, 1.4110000133514404, 1.4140000343322754, 1.406999945640564, 1.3990000486373901, 1.1319999694824219, 1.0959999561309814, 1.062000036239624, 1.0609999895095825, 1.055999994277954, 1.0479999780654907, 1.0420000553131104, 1.0440000295639038, 1.0460000038146973, 1.0329999923706055, 1.0299999713897705, 1.0399999618530273, 1.0360000133514404, 1.027999997138977, 1.027999997138977, 1.031000018119812, 1.0390000343322754, 1.0470000505447388, 1.0399999618530273, 1.0490000247955322, 1.055999994277954, 1.055999994277954, 1.0750000476837158, 1.0829999446868896, 1.1299999952316284, 1.1890000104904175, 1.5230000019073486, 1.562999963760376, 1.5880000591278076, 1.597000002861023, 1.6130000352859497, 1.6230000257492065, 1.628000020980835, 1.6399999856948853, 1.6519999504089355, 1.6540000438690186, 1.6540000438690186, 1.6619999408721924, 1.6729999780654907, 1.680999994277954, 1.6950000524520874, 1.7039999961853027, 1.7120000123977661, 1.7280000448226929, 1.7289999723434448, 1.7269999980926514, 1.7289999723434448, 1.7400000095367432, 1.7350000143051147, 1.715999960899353, 1.715000033378601, 1.725000023841858, 1.718999981880188, 1.7000000476837158, 1.6970000267028809, 1.687999963760376, 1.6829999685287476, 1.6770000457763672, 1.6710000038146973, 1.6640000343322754, 1.6610000133514404, 1.6549999713897705, 1.6490000486373901, 1.6369999647140503, 1.6360000371932983, 1.6369999647140503, 1.63100004196167, 1.6169999837875366, 1.6180000305175781, 1.6100000143051147, 1.6100000143051147, 1.6260000467300415, 1.6419999599456787, 1.656000018119812, 1.7130000591278076, 1.7979999780654907, 2.0299999713897705, 2.078000068664551, 2.0910000801086426, 2.1040000915527344, 2.119999885559082, 2.1429998874664307, 2.1610000133514404, 2.183000087738037, 2.2009999752044678, 2.2139999866485596, 2.246000051498413, 2.2699999809265137, 2.2739999294281006, 2.318000078201294, 2.3310000896453857, 2.3450000286102295, 2.364000082015991, 2.3910000324249268, 2.4070000648498535, 2.4189999103546143, 2.431999921798706, 2.4240000247955322, 1.0190000534057617, 0.8539999723434448, 0.8199999928474426, 0.7919999957084656, 0.7879999876022339, 0.7860000133514404, 0.7799999713897705, 0.7770000100135803, 0.7720000147819519, 0.7699999809265137, 0.7699999809265137, 0.7680000066757202, 0.7559999823570251, 0.7519999742507935, 0.7390000224113464, 0.7369999885559082, 0.7319999933242798, 0.7239999771118164, 0.7179999947547913, 0.7139999866485596, 0.7120000123977661, 0.7139999866485596, 0.7170000076293945, 0.7179999947547913, 0.7200000286102295, 0.7250000238418579, 0.7300000190734863, 0.7289999723434448, 0.7300000190734863, 0.7279999852180481, 0.7250000238418579, 0.7229999899864197, 0.7160000205039978, 0.7110000252723694, 0.7139999866485596, 0.7179999947547913, 0.7139999866485596, 0.7120000123977661, 0.7020000219345093, 0.6949999928474426, 0.6990000009536743, 0.6949999928474426, 0.6949999928474426, 0.6930000185966492, 0.6930000185966492, 0.6940000057220459, 0.6890000104904175, 0.6819999814033508, 0.6759999990463257, 0.6809999942779541, 0.6769999861717224, 0.6679999828338623, 0.6679999828338623, 0.6660000085830688, 0.6579999923706055, 0.6539999842643738, 0.6380000114440918, 0.6439999938011169, 0.6330000162124634, 0.628000020980835, 0.628000020980835, 0.6259999871253967, 0.6330000162124634, 0.6320000290870667, 0.6269999742507935, 0.609000027179718, 0.609000027179718, 0.6019999980926514, 0.5929999947547913, 0.5929999947547913, 0.5960000157356262, 0.5960000157356262, 0.5870000123977661, 0.5799999833106995, 0.5899999737739563, 0.5870000123977661, 0.5870000123977661, 0.5929999947547913, 0.5899999737739563, 0.5799999833106995, 0.5809999704360962, 0.5830000042915344, 0.5899999737739563, 0.593999981880188, 0.597000002861023, 0.5979999899864197, 0.597000002861023, 0.6050000190734863, 0.6230000257492065, 0.6330000162124634, 0.6340000033378601, 0.6359999775886536, 0.6309999823570251, 0.6309999823570251, 0.6309999823570251, 0.6269999742507935, 0.6190000176429749, 0.6140000224113464, 0.6140000224113464, 0.6100000143051147, 0.6079999804496765, 0.5989999771118164, 0.5989999771118164, 0.5979999899864197, 0.6010000109672546, 0.5879999995231628, 0.5740000009536743, 0.5759999752044678, 0.574999988079071, 0.5770000219345093, 0.574999988079071, 0.5849999785423279, 0.5849999785423279, 0.5839999914169312, 0.5820000171661377, 0.5820000171661377, 0.5789999961853027, 0.578000009059906, 0.5789999961853027, 0.5770000219345093, 0.578000009059906, 0.5690000057220459, 0.5640000104904175, 0.5690000057220459, 0.5669999718666077, 0.5649999976158142, 0.5669999718666077, 0.5709999799728394, 0.5680000185966492, 0.5659999847412109, 0.5640000104904175, 0.5619999766349792, 0.5619999766349792, 0.5770000219345093, 0.5690000057220459, 0.5630000233650208, 0.5630000233650208, 0.5730000138282776, 0.5839999914169312, 0.5860000252723694, 0.5770000219345093, 0.6039999723434448, 0.6100000143051147, 0.6169999837875366, 0.6179999709129333, 0.6209999918937683, 0.621999979019165, 0.6230000257492065, 0.6330000162124634, 0.6380000114440918, 0.6299999952316284, 0.6370000243186951, 0.6510000228881836, 0.6589999794960022, 0.671999990940094, 3.1659998893737793, 3.1659998893737793, 3.135999917984009, 3.0889999866485596, 3.0190000534057617, 2.9769999980926514, 2.8929998874664307, 2.88700008392334, 2.9030001163482666, 11.029000282287598, 11.038999557495117, 11.038000106811523, 11.07800006866455, 11.083999633789062, 11.093000411987305, 11.114999771118164, 11.133000373840332, 11.13700008392334, 11.16100025177002, 11.177000045776367, 11.180999755859375, 11.206999778747559, 11.222999572753906, 11.244000434875488, 11.255999565124512, 11.267000198364258, 11.274999618530273, 11.3100004196167, 11.321000099182129, 11.348999977111816, 11.355999946594238, 11.380000114440918, 11.390000343322754, 11.413999557495117, 11.425999641418457, 11.430000305175781, 11.39900016784668, 11.303999900817871, 11.22700023651123, 11.222000122070312, 11.239999771118164, 11.253000259399414, 11.270999908447266, 11.270999908447266, 65.53299713134766, 65.53299713134766, 65.53299713134766, 65.53299713134766, 65.53299713134766, 65.53299713134766, 65.53299713134766, 65.53299713134766, 65.53299713134766, 65.53299713134766, 65.53299713134766, 65.53299713134766, 65.53299713134766, 65.53299713134766, 65.53299713134766, 65.53299713134766, 65.53299713134766, 65.53299713134766, 65.53299713134766, 65.53299713134766, 65.53299713134766, 65.53299713134766, 65.53299713134766, 65.53299713134766, 65.53299713134766, 3.9010000228881836, 3.9070000648498535, 3.875999927520752, 3.88100004196167, 3.888000011444092, 3.890000104904175, 3.8970000743865967, 3.9159998893737793, 3.927999973297119, 3.940000057220459, 3.940999984741211, 3.9590001106262207, 3.9769999980926514, 3.9790000915527344, 3.99399995803833, 4.002999782562256, 4.025000095367432, 4.031000137329102, 4.0370001792907715, 4.053999900817871, 4.072000026702881, 4.074999809265137, 4.0960001945495605, 4.11299991607666, 4.118000030517578, 4.122000217437744, 4.1519999504089355, 4.1539998054504395, 4.179999828338623, 4.189000129699707, 4.195000171661377, 4.195000171661377, 4.197999954223633, 4.182000160217285, 65.53299713134766, 65.53299713134766, 65.53299713134766, 65.53299713134766, 65.53299713134766, 65.53299713134766, 65.53299713134766, 65.53299713134766, 65.53299713134766, 65.53299713134766, 65.53299713134766, 65.53299713134766, 65.53299713134766, 65.53299713134766, 65.53299713134766, 65.53299713134766, 65.53299713134766, 65.53299713134766, 65.53299713134766, 65.53299713134766, 65.53299713134766, 65.53299713134766, 65.53299713134766, 65.53299713134766, 4.46999979019165, 4.4710001945495605, 4.4730000495910645, 4.4670000076293945, 4.47599983215332, 4.48199987411499, 4.486999988555908, 4.497000217437744, 4.493000030517578, 4.498000144958496, 4.513000011444092, 4.513000011444092, 4.51200008392334, 4.514999866485596, 4.517000198364258, 4.520999908447266, 4.50600004196167, 3.552000045776367, 3.4630000591278076, 3.4560000896453857, 3.4700000286102295, 3.4730000495910645, 3.4600000381469727, 3.4600000381469727, 3.4749999046325684, 3.4749999046325684, 3.4630000591278076, 3.4609999656677246, 3.428999900817871, 3.388000011444092, 3.378000020980835, 3.380000114440918, 3.384999990463257, 3.385999917984009, 3.3940000534057617, 3.3989999294281006, 3.4079999923706055, 3.4200000762939453, 3.450000047683716, 3.4730000495910645, 3.4839999675750732, 3.4860000610351562, 3.989000082015991, 4.619999885559082, 4.618000030517578, 4.616000175476074, 4.6020002365112305, 4.584000110626221, 4.571000099182129, 4.565000057220459, 4.543000221252441, 4.5329999923706055, 4.519000053405762, 4.514999866485596, 4.495999813079834, 4.492000102996826, 4.4730000495910645, 4.464000225067139, 4.448999881744385, 4.438000202178955, 3.0139999389648438, 3.003999948501587, 3.056999921798706, 3.055999994277954, 3.055999994277954, 3.0769999027252197, 3.0999999046325684, 3.125, 3.1510000228881836, 3.1610000133514404, 3.197000026702881, 3.2139999866485596, 3.2339999675750732, 3.2660000324249268, 3.2990000247955322, 3.3340001106262207, 3.36299991607666, 3.4040000438690186, 3.4110000133514404, 3.437999963760376, 3.4739999771118164, 3.503999948501587, 3.5460000038146973, 3.575000047683716, 3.611999988555908, 3.640000104904175, 3.6730000972747803, 3.7109999656677246, 3.740000009536743, 3.7730000019073486, 3.806999921798706, 3.8329999446868896, 3.882999897003174, 3.9100000858306885, 3.9560000896453857, 3.996000051498413, 4.03000020980835, 4.052000045776367, 4.057000160217285, 4.079999923706055, 4.079999923706055, 4.071000099182129, 4.059000015258789, 4.057000160217285, 4.039999961853027, 4.039999961853027, 4.025000095367432, 4.021999835968018, 4.011000156402588, 4.011000156402588, 2.944999933242798, 2.875999927520752, 2.8540000915527344, 2.878000020980835, 3.005000114440918, 3.0840001106262207, 2.9079999923706055, 2.8529999256134033, 2.815000057220459, 2.7720000743865967, 2.749000072479248, 2.7269999980926514, 2.7190001010894775, 2.693000078201294, 2.687999963760376, 2.684999942779541, 2.6740000247955322, 2.681999921798706, 2.680000066757202, 2.680000066757202, 2.680999994277954, 2.697000026702881, 2.694000005722046, 2.7720000743865967, 2.8970000743865967, 3.0190000534057617, 3.8489999771118164, 3.8510000705718994, 3.8550000190734863, 3.8580000400543213, 3.8580000400543213, 3.8489999771118164, 3.8239998817443848, 3.5829999446868896, 3.1619999408721924, 3.1670000553131104, 3.174999952316284, 3.6019999980926514, 3.6019999980926514, 3.444999933242798, 3.563999891281128, 3.7990000247955322, 3.7839999198913574, 3.7679998874664307, 3.7669999599456787, 3.75600004196167, 3.743000030517578, 2.4690001010894775, 2.436000108718872, 3.7669999599456787, 3.7809998989105225, 3.803999900817871, 4.031000137329102, 4.068999767303467, 4.068999767303467, 65.53299713134766, 65.53299713134766, 65.53299713134766, 4.243000030517578, 4.243000030517578, 65.53299713134766, 65.53299713134766, 65.53299713134766, 65.53299713134766, 65.53299713134766, 65.53299713134766, 65.53299713134766, 65.53299713134766, 65.53299713134766, 65.53299713134766, 65.53299713134766, 65.53299713134766, 2.989000082015991, 2.878999948501587, 3.187000036239624, 3.3989999294281006, 3.503000020980835, 3.746999979019165, 3.7730000019073486, 3.7730000019073486, 3.7750000953674316, 3.7730000019073486, 3.7709999084472656, 3.7809998989105225, 3.7750000953674316, 3.7690000534057617, 3.7639999389648438, 3.7090001106262207, 3.7170000076293945, 3.7709999084472656, 3.7750000953674316, 3.7709999084472656, 3.7720000743865967, 3.7829999923706055, 3.7860000133514404, 3.7860000133514404, 3.7829999923706055, 3.7799999713897705, 3.7330000400543213, 3.625, 2.632999897003174, 2.0450000762939453, 1.9789999723434448, 1.9800000190734863, 1.9809999465942383, 1.9730000495910645, 1.972000002861023, 1.9470000267028809, 1.9329999685287476, 1.934000015258789, 1.940000057220459, 1.9390000104904175, 1.934000015258789, 1.937999963760376, 1.9329999685287476, 1.9079999923706055, 1.9229999780654907, 1.9249999523162842, 1.9170000553131104, 1.9229999780654907, 1.9279999732971191, 1.9229999780654907, 1.9290000200271606, 1.930999994277954, 1.9210000038146973, 1.9190000295639038, 1.9190000295639038, 1.930999994277954, 1.9859999418258667, 2.0460000038146973, 1.940000057220459, 1.9290000200271606, 4.002999782562256, 4.011000156402588, 4.044000148773193, 4.079999923706055, 4.091000080108643, 4.0920000076293945, 4.090000152587891, 4.076000213623047, 4.0269999504089355, 4.01200008392334, 4.019999980926514, 4.105000019073486, 4.173999786376953, 4.291999816894531, 4.578000068664551, 4.565999984741211, 4.520999908447266, 4.454999923706055, 4.383999824523926, 4.3379998207092285, 4.2779998779296875, 4.2220001220703125, 4.169000148773193, 4.105000019073486, 4.054999828338623, 4.045000076293945, 4.010000228881836]
intensities: [520.0, 533.0, 579.0, 648.0, 803.0, 777.0, 752.0, 466.0, 421.0, 450.0, 505.0, 541.0, 570.0, 575.0, 579.0, 524.0, 512.0, 508.0, 543.0, 547.0, 546.0, 534.0, 531.0, 557.0, 567.0, 557.0, 547.0, 570.0, 589.0, 588.0, 545.0, 512.0, 532.0, 570.0, 592.0, 634.0, 656.0, 664.0, 709.0, 755.0, 717.0, 677.0, 621.0, 564.0, 525.0, 502.0, 531.0, 533.0, 625.0, 679.0, 790.0, 771.0, 851.0, 821.0, 778.0, 702.0, 689.0, 667.0, 656.0, 668.0, 717.0, 761.0, 771.0, 799.0, 799.0, 832.0, 876.0, 938.0, 968.0, 947.0, 1015.0, 1008.0, 1005.0, 965.0, 953.0, 939.0, 956.0, 1003.0, 1009.0, 1024.0, 1047.0, 1065.0, 1074.0, 1095.0, 1100.0, 1114.0, 1102.0, 1156.0, 1211.0, 1256.0, 1283.0, 1300.0, 1290.0, 1291.0, 1292.0, 1284.0, 1285.0, 1281.0, 1292.0, 1292.0, 1268.0, 1263.0, 1257.0, 1266.0, 1253.0, 1246.0, 1234.0, 1241.0, 1236.0, 1242.0, 1242.0, 1205.0, 1223.0, 1200.0, 1201.0, 1199.0, 1215.0, 1215.0, 1227.0, 1237.0, 1257.0, 1270.0, 1295.0, 1131.0, 886.0, 455.0, 384.0, 341.0, 341.0, 366.0, 505.0, 772.0, 827.0, 826.0, 827.0, 834.0, 830.0, 837.0, 835.0, 835.0, 829.0, 825.0, 828.0, 824.0, 804.0, 800.0, 810.0, 815.0, 799.0, 804.0, 799.0, 804.0, 794.0, 781.0, 785.0, 785.0, 783.0, 781.0, 781.0, 782.0, 772.0, 772.0, 775.0, 770.0, 767.0, 755.0, 754.0, 748.0, 742.0, 731.0, 729.0, 699.0, 705.0, 677.0, 615.0, 562.0, 562.0, 0.0, 0.0, 711.0, 746.0, 782.0, 692.0, 662.0, 790.0, 812.0, 809.0, 814.0, 826.0, 825.0, 831.0, 827.0, 826.0, 828.0, 817.0, 817.0, 812.0, 807.0, 807.0, 809.0, 804.0, 802.0, 802.0, 801.0, 805.0, 792.0, 792.0, 788.0, 782.0, 770.0, 772.0, 766.0, 768.0, 768.0, 768.0, 757.0, 757.0, 750.0, 747.0, 736.0, 743.0, 726.0, 719.0, 719.0, 716.0, 718.0, 717.0, 713.0, 713.0, 699.0, 693.0, 701.0, 686.0, 678.0, 670.0, 675.0, 672.0, 658.0, 648.0, 642.0, 634.0, 632.0, 620.0, 612.0, 605.0, 604.0, 590.0, 590.0, 590.0, 588.0, 579.0, 577.0, 576.0, 571.0, 558.0, 556.0, 556.0, 552.0, 548.0, 543.0, 541.0, 539.0, 527.0, 530.0, 541.0, 527.0, 532.0, 529.0, 520.0, 520.0, 529.0, 521.0, 513.0, 513.0, 510.0, 505.0, 497.0, 484.0, 474.0, 456.0, 439.0, 437.0, 439.0, 419.0, 421.0, 0.0, 391.0, 360.0, 359.0, 359.0, 362.0, 362.0, 362.0, 329.0, 326.0, 301.0, 285.0, 279.0, 262.0, 269.0, 283.0, 271.0, 237.0, 245.0, 227.0, 215.0, 210.0, 205.0, 203.0, 203.0, 0.0, 148.0, 148.0, 0.0, 0.0, 0.0, 0.0, 0.0, 276.0, 393.0, 345.0, 466.0, 487.0, 552.0, 594.0, 683.0, 1015.0, 1129.0, 1129.0, 1146.0, 1129.0, 1134.0, 1130.0, 1145.0, 1144.0, 1146.0, 1138.0, 1130.0, 1128.0, 1136.0, 1139.0, 1137.0, 1122.0, 1121.0, 1123.0, 1150.0, 1158.0, 783.0, 683.0, 740.0, 850.0, 867.0, 862.0, 856.0, 849.0, 834.0, 844.0, 828.0, 809.0, 823.0, 799.0, 807.0, 790.0, 790.0, 786.0, 783.0, 781.0, 763.0, 759.0, 759.0, 762.0, 752.0, 746.0, 745.0, 752.0, 731.0, 733.0, 731.0, 727.0, 719.0, 711.0, 700.0, 696.0, 699.0, 689.0, 680.0, 676.0, 685.0, 670.0, 669.0, 659.0, 647.0, 648.0, 642.0, 634.0, 629.0, 634.0, 630.0, 629.0, 626.0, 624.0, 622.0, 617.0, 599.0, 598.0, 601.0, 593.0, 586.0, 587.0, 587.0, 587.0, 573.0, 581.0, 588.0, 576.0, 542.0, 703.0, 1018.0, 1097.0, 1091.0, 1089.0, 1111.0, 1086.0, 1091.0, 1085.0, 1083.0, 1104.0, 1091.0, 1095.0, 1092.0, 1100.0, 1106.0, 1236.0, 1231.0, 1201.0, 1211.0, 1165.0, 1117.0, 1160.0, 1203.0, 1230.0, 1252.0, 1247.0, 1330.0, 1339.0, 1337.0, 1309.0, 1270.0, 1206.0, 1189.0, 1134.0, 1178.0, 1226.0, 1208.0, 1218.0, 1249.0, 1287.0, 1268.0, 1133.0, 1108.0, 1119.0, 1109.0, 1112.0, 1105.0, 1109.0, 1100.0, 1099.0, 1080.0, 1078.0, 1084.0, 1094.0, 1113.0, 1115.0, 1112.0, 1093.0, 1122.0, 1086.0, 1017.0, 922.0, 900.0, 921.0, 1057.0, 1065.0, 1119.0, 1128.0, 1115.0, 1115.0, 1116.0, 1111.0, 1120.0, 1120.0, 1110.0, 1117.0, 1110.0, 1101.0, 1106.0, 1108.0, 1109.0, 1113.0, 1096.0, 1107.0, 1114.0, 1114.0, 1160.0, 1191.0, 1202.0, 1196.0, 1149.0, 1040.0, 1029.0, 1019.0, 1010.0, 1011.0, 997.0, 996.0, 990.0, 982.0, 977.0, 988.0, 976.0, 968.0, 974.0, 969.0, 964.0, 970.0, 954.0, 970.0, 949.0, 953.0, 947.0, 1510.0, 1569.0, 1460.0, 1340.0, 1335.0, 1313.0, 1329.0, 1416.0, 1507.0, 1594.0, 1594.0, 1577.0, 1367.0, 1387.0, 1374.0, 1418.0, 1460.0, 1605.0, 1589.0, 1703.0, 1736.0, 1773.0, 1794.0, 1764.0, 1753.0, 1786.0, 1806.0, 1742.0, 1696.0, 1657.0, 1533.0, 1512.0, 1509.0, 1500.0, 1543.0, 1579.0, 1509.0, 1433.0, 1187.0, 1113.0, 1113.0, 1113.0, 1113.0, 1113.0, 1112.0, 1115.0, 1116.0, 1117.0, 1105.0, 1105.0, 1093.0, 1107.0, 1107.0, 1127.0, 1104.0, 1135.0, 1167.0, 1381.0, 1541.0, 1598.0, 1615.0, 1540.0, 1478.0, 1356.0, 1324.0, 1209.0, 1209.0, 1175.0, 1204.0, 1202.0, 1218.0, 1212.0, 1189.0, 1204.0, 1312.0, 1390.0, 1411.0, 1401.0, 1307.0, 1237.0, 1242.0, 1261.0, 1274.0, 1300.0, 1286.0, 1201.0, 1157.0, 1189.0, 1267.0, 1305.0, 1365.0, 1390.0, 1413.0, 1414.0, 1414.0, 1367.0, 1300.0, 1300.0, 1501.0, 1645.0, 1667.0, 1697.0, 1643.0, 1583.0, 1629.0, 1408.0, 1382.0, 1478.0, 1513.0, 1549.0, 1548.0, 1537.0, 1537.0, 1495.0, 1436.0, 1454.0, 1389.0, 1359.0, 1367.0, 1317.0, 1347.0, 1379.0, 1585.0, 1748.0, 1768.0, 1851.0, 1801.0, 1655.0, 1637.0, 1652.0, 1640.0, 1559.0, 1559.0, 1470.0, 1296.0, 1143.0, 1132.0, 1119.0, 1147.0, 1154.0, 1151.0, 1279.0, 1273.0, 1298.0, 1304.0, 1316.0, 1312.0, 1280.0, 1273.0, 1258.0, 1143.0, 1088.0, 955.0, 729.0, 427.0, 906.0, 906.0, 881.0, 854.0, 849.0, 852.0, 799.0, 754.0, 551.0, 518.0, 520.0, 512.0, 531.0, 524.0, 518.0, 522.0, 525.0, 519.0, 526.0, 527.0, 518.0, 515.0, 523.0, 522.0, 523.0, 516.0, 517.0, 512.0, 513.0, 513.0, 512.0, 512.0, 517.0, 514.0, 510.0, 520.0, 527.0, 533.0, 575.0, 590.0, 563.0, 452.0, 182.0, 182.0, 0.0, 0.0, 0.0, 0.0, 0.0, 0.0, 0.0, 0.0, 0.0, 0.0, 0.0, 0.0, 0.0, 0.0, 0.0, 0.0, 0.0, 0.0, 0.0, 0.0, 0.0, 0.0, 0.0, 0.0, 0.0, 754.0, 772.0, 837.0, 859.0, 877.0, 869.0, 869.0, 859.0, 855.0, 855.0, 855.0, 856.0, 854.0, 856.0, 857.0, 857.0, 861.0, 811.0, 754.0, 741.0, 738.0, 734.0, 728.0, 734.0, 727.0, 726.0, 723.0, 715.0, 713.0, 694.0, 681.0, 681.0, 682.0, 673.0, 0.0, 0.0, 0.0, 0.0, 0.0, 0.0, 0.0, 0.0, 0.0, 0.0, 0.0, 0.0, 0.0, 0.0, 0.0, 0.0, 0.0, 0.0, 0.0, 0.0, 0.0, 0.0, 0.0, 0.0, 891.0, 882.0, 873.0, 826.0, 828.0, 825.0, 810.0, 793.0, 766.0, 759.0, 787.0, 787.0, 785.0, 781.0, 781.0, 797.0, 778.0, 889.0, 827.0, 837.0, 742.0, 723.0, 778.0, 788.0, 721.0, 730.0, 761.0, 814.0, 853.0, 798.0, 787.0, 801.0, 816.0, 812.0, 822.0, 829.0, 786.0, 692.0, 600.0, 529.0, 451.0, 374.0, 847.0, 659.0, 657.0, 671.0, 674.0, 677.0, 692.0, 696.0, 700.0, 712.0, 727.0, 718.0, 724.0, 737.0, 739.0, 746.0, 750.0, 749.0, 347.0, 713.0, 838.0, 838.0, 839.0, 848.0, 833.0, 840.0, 823.0, 819.0, 835.0, 827.0, 822.0, 822.0, 838.0, 852.0, 845.0, 846.0, 823.0, 804.0, 794.0, 801.0, 809.0, 807.0, 817.0, 812.0, 798.0, 797.0, 788.0, 772.0, 760.0, 743.0, 747.0, 724.0, 737.0, 743.0, 756.0, 762.0, 842.0, 908.0, 908.0, 886.0, 881.0, 887.0, 837.0, 837.0, 828.0, 822.0, 785.0, 785.0, 1223.0, 1297.0, 1361.0, 1361.0, 1294.0, 991.0, 728.0, 697.0, 732.0, 766.0, 794.0, 791.0, 803.0, 800.0, 828.0, 837.0, 817.0, 820.0, 820.0, 815.0, 813.0, 818.0, 805.0, 941.0, 1255.0, 1259.0, 912.0, 903.0, 919.0, 924.0, 924.0, 920.0, 905.0, 1031.0, 1199.0, 1184.0, 1151.0, 1016.0, 1016.0, 1091.0, 1007.0, 871.0, 859.0, 838.0, 882.0, 894.0, 889.0, 1416.0, 1418.0, 851.0, 876.0, 820.0, 363.0, 322.0, 322.0, 0.0, 0.0, 0.0, 173.0, 173.0, 0.0, 0.0, 0.0, 0.0, 0.0, 0.0, 0.0, 0.0, 0.0, 0.0, 0.0, 0.0, 830.0, 566.0, 1103.0, 1075.0, 1030.0, 922.0, 924.0, 924.0, 917.0, 916.0, 911.0, 924.0, 917.0, 914.0, 921.0, 936.0, 946.0, 917.0, 922.0, 911.0, 914.0, 921.0, 917.0, 917.0, 912.0, 922.0, 876.0, 868.0, 1255.0, 1579.0, 1203.0, 1156.0, 1110.0, 1086.0, 1130.0, 1110.0, 1103.0, 1063.0, 1037.0, 1018.0, 955.0, 968.0, 996.0, 1082.0, 1252.0, 1177.0, 1018.0, 1028.0, 1024.0, 992.0, 1034.0, 1074.0, 1097.0, 1128.0, 1128.0, 1114.0, 1493.0, 1678.0, 732.0, 454.0, 890.0, 904.0, 906.0, 927.0, 923.0, 926.0, 921.0, 905.0, 911.0, 912.0, 901.0, 902.0, 904.0, 879.0, 653.0, 659.0, 659.0, 666.0, 667.0, 673.0, 690.0, 702.0, 708.0, 721.0, 715.0, 705.0, 649.0]