header: 
  seq: 199
  stamp: 
    secs: 1545084462
    nsecs: 956679819
  frame_id: "base_link"
angle_min: -2.35619449615
angle_max: 2.35619449615
angle_increment: 0.00436332309619
time_increment: 1.73611151695e-05
scan_time: 0.0250000003725
range_min: 0.019999999553
range_max: 30.0
ranges: [0.14900000393390656, 0.16699999570846558, 0.17100000381469727, 0.2329999953508377, 0.367000013589859, 0.3400000035762787, 0.3479999899864197, 0.16099999845027924, 0.1809999942779541, 0.210999995470047, 0.2160000056028366, 0.210999995470047, 0.2160000056028366, 0.20900000631809235, 0.2240000069141388, 0.2070000022649765, 0.20200000703334808, 0.20399999618530273, 0.21199999749660492, 0.20999999344348907, 0.2160000056028366, 0.2150000035762787, 0.21699999272823334, 0.2240000069141388, 0.2240000069141388, 0.22200000286102295, 0.21199999749660492, 0.22499999403953552, 0.22599999606609344, 0.22599999606609344, 0.2370000034570694, 0.23899999260902405, 0.25699999928474426, 0.28299999237060547, 0.30000001192092896, 0.35199999809265137, 0.3700000047683716, 0.3869999945163727, 0.37700000405311584, 0.36800000071525574, 0.37299999594688416, 0.32600000500679016, 0.26899999380111694, 0.19200000166893005, 0.15199999511241913, 0.1340000033378601, 0.11100000143051147, 0.13099999725818634, 0.11400000005960464, 0.12800000607967377, 0.24300000071525574, 0.2800000011920929, 0.3149999976158142, 0.3190000057220459, 0.32100000977516174, 0.3230000138282776, 0.328000009059906, 0.3050000071525574, 0.29600000381469727, 0.2750000059604645, 0.27900001406669617, 0.26600000262260437, 0.26100000739097595, 0.25600001215934753, 0.25699999928474426, 0.26899999380111694, 0.25999999046325684, 0.27300000190734863, 0.30399999022483826, 0.3140000104904175, 0.33399999141693115, 0.3720000088214874, 0.4519999921321869, 0.5189999938011169, 0.6000000238418579, 0.6629999876022339, 0.6880000233650208, 0.7020000219345093, 0.7250000238418579, 0.7289999723434448, 0.7319999933242798, 0.7369999885559082, 0.7379999756813049, 0.7379999756813049, 0.7360000014305115, 0.734000027179718, 0.7350000143051147, 0.7490000128746033, 0.7490000128746033, 0.7490000128746033, 0.753000020980835, 0.7549999952316284, 0.7680000066757202, 0.7710000276565552, 0.7770000100135803, 0.7829999923706055, 0.7829999923706055, 0.7829999923706055, 0.7799999713897705, 0.7870000004768372, 0.7879999876022339, 0.7910000085830688, 0.7950000166893005, 0.8100000023841858, 0.8169999718666077, 0.8169999718666077, 0.8140000104904175, 0.8100000023841858, 0.8080000281333923, 0.8230000138282776, 0.828000009059906, 0.824999988079071, 0.8289999961853027, 0.8339999914169312, 0.8349999785423279, 0.8370000123977661, 0.8489999771118164, 0.8489999771118164, 0.8579999804496765, 0.8579999804496765, 0.8730000257492065, 0.8830000162124634, 0.8849999904632568, 0.8709999918937683, 0.8889999985694885, 0.8450000286102295, 0.8560000061988831, 0.8759999871253967, 0.8930000066757202, 0.8809999823570251, 0.9039999842643738, 0.8870000243186951, 0.8960000276565552, 0.8920000195503235, 0.8870000243186951, 0.8849999904632568, 0.8849999904632568, 0.8899999856948853, 0.902999997138977, 0.906000018119812, 0.9010000228881836, 0.9070000052452087, 0.9150000214576721, 0.9179999828338623, 0.921999990940094, 0.9139999747276306, 0.9200000166893005, 0.9089999794960022, 0.9110000133514404, 0.9110000133514404, 0.9150000214576721, 0.9150000214576721, 0.9070000052452087, 0.9160000085830688, 0.9160000085830688, 0.9150000214576721, 0.9210000038146973, 0.9200000166893005, 0.9200000166893005, 0.9300000071525574, 0.9340000152587891, 0.9279999732971191, 0.9350000023841858, 0.9319999814033508, 0.9350000023841858, 0.9369999766349792, 0.9300000071525574, 0.925000011920929, 0.9319999814033508, 0.9350000023841858, 0.9330000281333923, 0.9330000281333923, 0.9290000200271606, 0.9269999861717224, 0.8930000066757202, 0.8690000176429749, 0.8690000176429749, 65.53299713134766, 65.53299713134766, 0.38600000739097595, 0.3970000147819519, 0.39399999380111694, 0.3970000147819519, 0.39399999380111694, 0.42500001192092896, 0.43299999833106995, 0.44200000166893005, 0.43799999356269836, 0.4410000145435333, 0.4440000057220459, 0.44600000977516174, 0.4480000138282776, 0.4519999921321869, 0.45100000500679016, 0.4449999928474426, 0.44999998807907104, 0.4569999873638153, 0.4569999873638153, 0.45100000500679016, 0.45399999618530273, 0.460999995470047, 0.4620000123977661, 0.46299999952316284, 0.453000009059906, 0.460999995470047, 0.45899999141693115, 0.4620000123977661, 0.46700000762939453, 0.46700000762939453, 0.4650000035762787, 0.46299999952316284, 0.46299999952316284, 0.46299999952316284, 0.4779999852180481, 0.4790000021457672, 0.4740000069141388, 0.4749999940395355, 0.4729999899864197, 0.47200000286102295, 0.4880000054836273, 0.4869999885559082, 0.4790000021457672, 0.47600001096725464, 0.46799999475479126, 0.4690000116825104, 0.4790000021457672, 0.49300000071525574, 0.492000013589859, 0.492000013589859, 0.49300000071525574, 0.49000000953674316, 0.492000013589859, 0.49300000071525574, 0.49300000071525574, 0.49300000071525574, 0.49300000071525574, 0.5, 0.5040000081062317, 0.5009999871253967, 0.49900001287460327, 0.5090000033378601, 0.5220000147819519, 0.515999972820282, 0.5149999856948853, 0.515999972820282, 0.5080000162124634, 0.5080000162124634, 0.5130000114440918, 0.515999972820282, 0.5260000228881836, 0.5339999794960022, 0.5389999747276306, 0.5389999747276306, 0.5550000071525574, 0.5550000071525574, 0.5580000281333923, 0.5609999895095825, 0.5609999895095825, 0.5590000152587891, 0.5640000104904175, 0.5600000023841858, 0.5730000138282776, 0.5659999847412109, 0.5730000138282776, 0.5899999737739563, 0.5950000286102295, 0.5979999899864197, 0.6110000014305115, 0.6119999885559082, 0.6119999885559082, 0.6119999885559082, 0.6230000257492065, 0.628000020980835, 0.6399999856948853, 0.6570000052452087, 0.652999997138977, 0.6480000019073486, 0.6420000195503235, 0.6520000100135803, 0.6349999904632568, 0.6449999809265137, 0.6290000081062317, 0.6240000128746033, 0.640999972820282, 0.6349999904632568, 0.652999997138977, 0.6570000052452087, 0.6759999990463257, 0.6690000295639038, 0.675000011920929, 0.6610000133514404, 0.6610000133514404, 0.671999990940094, 0.6940000057220459, 0.6990000009536743, 0.7170000076293945, 0.7310000061988831, 0.7239999771118164, 0.7250000238418579, 0.6869999766349792, 0.7310000061988831, 0.7360000014305115, 0.7720000147819519, 0.7440000176429749, 0.7440000176429749, 0.781000018119812, 0.7620000243186951, 0.765999972820282, 0.765999972820282, 0.7919999957084656, 0.8069999814033508, 0.7620000243186951, 0.7429999709129333, 0.7429999709129333, 0.7429999709129333, 65.53299713134766, 65.53299713134766, 0.8360000252723694, 0.8360000252723694, 0.996999979019165, 1.059999942779541, 1.1200000047683716, 1.1239999532699585, 1.0889999866485596, 1.065999984741211, 1.093999981880188, 1.1419999599456787, 1.1449999809265137, 1.1460000276565552, 1.1449999809265137, 1.1469999551773071, 1.1380000114440918, 1.1410000324249268, 1.1480000019073486, 1.1480000019073486, 1.1619999408721924, 1.1660000085830688, 1.1670000553131104, 1.1610000133514404, 1.1519999504089355, 1.1519999504089355, 1.1540000438690186, 1.1540000438690186, 1.1579999923706055, 1.1519999504089355, 1.0429999828338623, 1.0190000534057617, 0.9549999833106995, 0.9490000009536743, 0.9089999794960022, 0.9269999861717224, 0.9290000200271606, 0.9309999942779541, 0.9369999766349792, 0.9399999976158142, 0.9419999718666077, 0.9440000057220459, 0.9419999718666077, 0.9419999718666077, 0.9490000009536743, 0.9490000009536743, 0.9509999752044678, 0.949999988079071, 0.9449999928474426, 0.9520000219345093, 0.9520000219345093, 0.9520000219345093, 0.9520000219345093, 0.953000009059906, 0.9539999961853027, 0.9639999866485596, 0.9639999866485596, 0.9750000238418579, 0.9660000205039978, 0.9610000252723694, 0.9639999866485596, 0.9700000286102295, 0.9760000109672546, 0.9739999771118164, 0.9739999771118164, 0.9710000157356262, 0.984000027179718, 0.9900000095367432, 0.996999979019165, 0.9990000128746033, 1.0019999742507935, 1.0, 1.0140000581741333, 1.0149999856948853, 1.024999976158142, 1.0149999856948853, 1.0149999856948853, 1.0199999809265137, 1.0230000019073486, 1.0379999876022339, 1.0360000133514404, 1.034999966621399, 1.0420000553131104, 1.062999963760376, 1.055999994277954, 1.0490000247955322, 1.0509999990463257, 1.0499999523162842, 1.0470000505447388, 1.0570000410079956, 1.0789999961853027, 1.0920000076293945, 1.0959999561309814, 1.090000033378601, 1.0880000591278076, 1.1030000448226929, 1.1069999933242798, 1.11899995803833, 1.1260000467300415, 1.1449999809265137, 1.2990000247955322, 1.315000057220459, 1.3580000400543213, 1.3559999465942383, 1.3559999465942383, 1.3619999885559082, 1.38100004196167, 1.3849999904632568, 1.3880000114440918, 1.3969999551773071, 1.3949999809265137, 1.3949999809265137, 1.4079999923706055, 1.4040000438690186, 1.4170000553131104, 1.4179999828338623, 1.3919999599456787, 1.1460000276565552, 1.0989999771118164, 1.0700000524520874, 1.0549999475479126, 1.0529999732971191, 1.0479999780654907, 1.0490000247955322, 1.0499999523162842, 1.0390000343322754, 1.0299999713897705, 1.031999945640564, 1.0290000438690186, 1.031999945640564, 1.0329999923706055, 1.0360000133514404, 1.0390000343322754, 1.0440000295639038, 1.031000018119812, 1.0440000295639038, 1.0440000295639038, 1.0520000457763672, 1.0499999523162842, 1.0549999475479126, 1.0759999752044678, 1.121000051498413, 1.190999984741211, 1.524999976158142, 1.5720000267028809, 1.5839999914169312, 1.6039999723434448, 1.6130000352859497, 1.6180000305175781, 1.6200000047683716, 1.63100004196167, 1.6390000581741333, 1.6440000534057617, 1.6510000228881836, 1.6729999780654907, 1.6779999732971191, 1.6799999475479126, 1.6829999685287476, 1.687999963760376, 1.7059999704360962, 1.715999960899353, 1.7230000495910645, 1.7239999771118164, 1.7209999561309814, 1.7430000305175781, 1.7309999465942383, 1.715000033378601, 1.7269999980926514, 1.718999981880188, 1.7100000381469727, 1.7000000476837158, 1.6920000314712524, 1.6829999685287476, 1.6799999475479126, 1.6779999732971191, 1.6660000085830688, 1.6670000553131104, 1.659000039100647, 1.6540000438690186, 1.656000018119812, 1.6469999551773071, 1.63100004196167, 1.6349999904632568, 1.6349999904632568, 1.621000051498413, 1.621999979019165, 1.6160000562667847, 1.6169999837875366, 1.625, 1.6339999437332153, 1.6460000276565552, 1.6970000267028809, 1.8380000591278076, 2.0329999923706055, 2.078000068664551, 2.0959999561309814, 2.115999937057495, 2.125999927520752, 2.1440000534057617, 2.1510000228881836, 2.180999994277954, 2.2060000896453857, 2.2290000915527344, 2.244999885559082, 2.2639999389648438, 2.2769999504089355, 2.302000045776367, 2.322999954223633, 2.3469998836517334, 2.371999979019165, 2.3919999599456787, 2.4159998893737793, 2.430000066757202, 2.4489998817443848, 2.4489998817443848, 1.0509999990463257, 0.8560000061988831, 0.8309999704360962, 0.7919999957084656, 0.7839999794960022, 0.7770000100135803, 0.7760000228881836, 0.7730000019073486, 0.7760000228881836, 0.7730000019073486, 0.7739999890327454, 0.7749999761581421, 0.7620000243186951, 0.75, 0.7360000014305115, 0.7400000095367432, 0.7379999756813049, 0.7310000061988831, 0.7229999899864197, 0.718999981880188, 0.7179999947547913, 0.7200000286102295, 0.7170000076293945, 0.718999981880188, 0.7210000157356262, 0.722000002861023, 0.7210000157356262, 0.7239999771118164, 0.7250000238418579, 0.7260000109672546, 0.7250000238418579, 0.7170000076293945, 0.7110000252723694, 0.7080000042915344, 0.7080000042915344, 0.7089999914169312, 0.7120000123977661, 0.7120000123977661, 0.7160000205039978, 0.6830000281333923, 0.6859999895095825, 0.6869999766349792, 0.6909999847412109, 0.6959999799728394, 0.6899999976158142, 0.6850000023841858, 0.6919999718666077, 0.6919999718666077, 0.6909999847412109, 0.6890000104904175, 0.6759999990463257, 0.6740000247955322, 0.6669999957084656, 0.6660000085830688, 0.6650000214576721, 0.656000018119812, 0.6489999890327454, 0.6389999985694885, 0.6380000114440918, 0.6299999952316284, 0.6290000081062317, 0.6269999742507935, 0.6299999952316284, 0.6209999918937683, 0.6119999885559082, 0.6060000061988831, 0.6060000061988831, 0.6000000238418579, 0.5960000157356262, 0.5929999947547913, 0.5929999947547913, 0.597000002861023, 0.6000000238418579, 0.5799999833106995, 0.5789999961853027, 0.5920000076293945, 0.5950000286102295, 0.5920000076293945, 0.5910000205039978, 0.5879999995231628, 0.5809999704360962, 0.5910000205039978, 0.5889999866485596, 0.5929999947547913, 0.5960000157356262, 0.5839999914169312, 0.5879999995231628, 0.5899999737739563, 0.6039999723434448, 0.6269999742507935, 0.6389999985694885, 0.6320000290870667, 0.6230000257492065, 0.6259999871253967, 0.628000020980835, 0.6230000257492065, 0.6200000047683716, 0.6129999756813049, 0.6019999980926514, 0.6029999852180481, 0.5989999771118164, 0.5989999771118164, 0.6010000109672546, 0.6019999980926514, 0.6010000109672546, 0.593999981880188, 0.593999981880188, 0.5789999961853027, 0.5789999961853027, 0.5849999785423279, 0.5870000123977661, 0.5870000123977661, 0.5849999785423279, 0.5839999914169312, 0.5849999785423279, 0.5910000205039978, 0.5879999995231628, 0.5830000042915344, 0.5799999833106995, 0.578000009059906, 0.5799999833106995, 0.5699999928474426, 0.5659999847412109, 0.5759999752044678, 0.5659999847412109, 0.5649999976158142, 0.5659999847412109, 0.5649999976158142, 0.5649999976158142, 0.5559999942779541, 0.5590000152587891, 0.5640000104904175, 0.5550000071525574, 0.5680000185966492, 0.5730000138282776, 0.5559999942779541, 0.5569999814033508, 0.5630000233650208, 0.5849999785423279, 0.5879999995231628, 0.5879999995231628, 0.5910000205039978, 0.5989999771118164, 0.6100000143051147, 0.6190000176429749, 0.6240000128746033, 0.621999979019165, 0.6269999742507935, 0.6269999742507935, 0.6179999709129333, 0.6179999709129333, 0.6389999985694885, 0.6489999890327454, 0.7689999938011169, 0.6539999842643738, 3.203000068664551, 3.1989998817443848, 3.1500000953674316, 3.0940001010894775, 3.0250000953674316, 2.9679999351501465, 2.8949999809265137, 2.8940000534057617, 2.875999927520752, 11.039999961853027, 11.050999641418457, 11.041999816894531, 11.071000099182129, 11.07800006866455, 11.100000381469727, 11.111000061035156, 11.128999710083008, 11.140000343322754, 11.156999588012695, 11.175000190734863, 11.189000129699707, 11.215999603271484, 11.220000267028809, 11.220000267028809, 11.256999969482422, 11.267000198364258, 11.269000053405762, 11.307999610900879, 11.321999549865723, 11.336999893188477, 11.369000434875488, 11.385000228881836, 11.388999938964844, 11.42300033569336, 11.428000450134277, 11.434000015258789, 11.395000457763672, 11.28600025177002, 11.22599983215332, 11.210000038146973, 11.220000267028809, 11.22700023651123, 11.241000175476074, 65.53299713134766, 65.53299713134766, 65.53299713134766, 65.53299713134766, 65.53299713134766, 65.53299713134766, 65.53299713134766, 65.53299713134766, 65.53299713134766, 65.53299713134766, 65.53299713134766, 65.53299713134766, 65.53299713134766, 65.53299713134766, 65.53299713134766, 65.53299713134766, 65.53299713134766, 65.53299713134766, 65.53299713134766, 65.53299713134766, 65.53299713134766, 65.53299713134766, 65.53299713134766, 65.53299713134766, 65.53299713134766, 65.53299713134766, 3.8989999294281006, 3.8949999809265137, 3.874000072479248, 3.882999897003174, 3.882999897003174, 3.890000104904175, 3.8989999294281006, 3.9159998893737793, 3.924999952316284, 3.943000078201294, 3.9539999961853027, 3.9600000381469727, 3.9700000286102295, 3.9839999675750732, 3.994999885559082, 3.999000072479248, 4.019999980926514, 4.0269999504089355, 4.039000034332275, 4.059999942779541, 4.067999839782715, 4.084000110626221, 4.086999893188477, 4.10099983215332, 4.111000061035156, 4.122000217437744, 4.139999866485596, 4.158999919891357, 4.172999858856201, 4.184999942779541, 4.188000202178955, 4.184999942779541, 4.197000026702881, 4.184999942779541, 65.53299713134766, 65.53299713134766, 65.53299713134766, 65.53299713134766, 65.53299713134766, 65.53299713134766, 65.53299713134766, 65.53299713134766, 65.53299713134766, 65.53299713134766, 65.53299713134766, 65.53299713134766, 65.53299713134766, 65.53299713134766, 65.53299713134766, 65.53299713134766, 65.53299713134766, 65.53299713134766, 65.53299713134766, 65.53299713134766, 65.53299713134766, 65.53299713134766, 65.53299713134766, 65.53299713134766, 4.4710001945495605, 4.489999771118164, 4.486999988555908, 4.4730000495910645, 4.486999988555908, 4.4770002365112305, 4.482999801635742, 4.48799991607666, 4.495999813079834, 4.498000144958496, 4.511000156402588, 4.507999897003174, 4.507999897003174, 4.511000156402588, 4.514999866485596, 4.515999794006348, 4.508999824523926, 3.5980000495910645, 3.4719998836517334, 3.4700000286102295, 3.4679999351501465, 3.4670000076293945, 3.4749999046325684, 3.4760000705718994, 3.4860000610351562, 3.50600004196167, 3.4719998836517334, 3.4549999237060547, 3.430000066757202, 3.385999917984009, 3.381999969482422, 3.385999917984009, 3.3919999599456787, 3.3910000324249268, 3.3929998874664307, 3.4030001163482666, 3.4119999408721924, 3.427000045776367, 3.4519999027252197, 3.4800000190734863, 3.4830000400543213, 3.505000114440918, 3.890000104904175, 4.625, 4.625999927520752, 4.620999813079834, 4.605999946594238, 4.576000213623047, 4.566999912261963, 4.559000015258789, 4.557000160217285, 4.543000221252441, 4.519999980926514, 4.50600004196167, 4.494999885559082, 4.486000061035156, 4.46999979019165, 4.453999996185303, 4.447000026702881, 4.433000087738037, 3.0220000743865967, 3.006999969482422, 3.058000087738037, 3.065000057220459, 3.065000057220459, 3.0769999027252197, 3.0940001010894775, 3.11299991607666, 3.1419999599456787, 3.1710000038146973, 3.194999933242798, 3.2209999561309814, 3.244999885559082, 3.265000104904175, 3.309000015258789, 3.3489999771118164, 3.365000009536743, 3.4010000228881836, 3.4200000762939453, 3.443000078201294, 3.4660000801086426, 3.502000093460083, 3.5460000038146973, 3.5739998817443848, 3.611999988555908, 3.6470000743865967, 3.674999952316284, 3.7160000801086426, 3.744999885559082, 3.7679998874664307, 3.8010001182556152, 3.8450000286102295, 3.877000093460083, 3.9130001068115234, 3.9639999866485596, 3.997999906539917, 4.039000034332275, 4.060999870300293, 4.072999954223633, 4.065000057220459, 4.070000171661377, 4.060999870300293, 4.052000045776367, 4.046999931335449, 4.043000221252441, 4.041999816894531, 4.025000095367432, 4.02400016784668, 4.008999824523926, 4.008999824523926, 2.941999912261963, 2.885999917984009, 2.8580000400543213, 2.867000102996826, 2.990999937057495, 3.119999885559082, 2.884999990463257, 2.8559999465942383, 2.809999942779541, 2.7869999408721924, 2.752000093460083, 2.7300000190734863, 2.7119998931884766, 2.687000036239624, 2.680000066757202, 2.671999931335449, 2.6670000553131104, 2.6740000247955322, 2.671999931335449, 2.6710000038146973, 2.671999931335449, 2.671999931335449, 2.687000036239624, 2.743000030517578, 2.871999979019165, 2.990999937057495, 3.8529999256134033, 3.8610000610351562, 3.8510000705718994, 3.8469998836517334, 3.8459999561309814, 3.8389999866485596, 3.8259999752044678, 3.13100004196167, 3.0999999046325684, 3.134000062942505, 3.2190001010894775, 3.2200000286102295, 3.177999973297119, 3.177999973297119, 3.796999931335449, 3.812999963760376, 3.7920000553131104, 3.7660000324249268, 3.755000114440918, 3.746000051498413, 3.73799991607666, 2.5269999504089355, 2.4110000133514404, 3.7850000858306885, 3.7850000858306885, 3.7809998989105225, 3.9670000076293945, 4.133999824523926, 4.1519999504089355, 65.53299713134766, 65.53299713134766, 65.53299713134766, 4.238999843597412, 4.238999843597412, 65.53299713134766, 65.53299713134766, 65.53299713134766, 65.53299713134766, 65.53299713134766, 65.53299713134766, 65.53299713134766, 65.53299713134766, 65.53299713134766, 65.53299713134766, 65.53299713134766, 65.53299713134766, 2.9570000171661377, 2.878000020980835, 3.1540000438690186, 3.382999897003174, 3.4590001106262207, 3.734999895095825, 3.756999969482422, 3.7720000743865967, 3.7709999084472656, 3.7690000534057617, 3.7769999504089355, 3.7780001163482666, 3.7739999294281006, 3.7769999504089355, 3.76200008392334, 3.7260000705718994, 3.7139999866485596, 3.7669999599456787, 3.7739999294281006, 3.7750000953674316, 3.7750000953674316, 3.7839999198913574, 3.7839999198913574, 3.7839999198913574, 3.7860000133514404, 3.7669999599456787, 3.752000093460083, 3.635999917984009, 2.617000102996826, 2.0450000762939453, 1.9780000448226929, 1.9759999513626099, 1.9869999885559082, 1.975000023841858, 1.975000023841858, 1.9479999542236328, 1.930999994277954, 1.9279999732971191, 1.9299999475479126, 1.940999984741211, 1.937000036239624, 1.937999963760376, 1.9279999732971191, 1.9220000505447388, 1.9119999408721924, 1.9119999408721924, 1.9110000133514404, 1.9160000085830688, 1.9210000038146973, 1.9240000247955322, 1.9240000247955322, 1.9249999523162842, 1.9249999523162842, 1.9149999618530273, 1.9149999618530273, 1.9210000038146973, 1.9869999885559082, 2.0460000038146973, 1.934000015258789, 1.9259999990463257, 3.996999979019165, 4.01200008392334, 4.050000190734863, 4.078000068664551, 4.081999778747559, 4.0920000076293945, 4.0920000076293945, 4.085999965667725, 4.039000034332275, 4.019000053405762, 4.031000137329102, 4.0879998207092285, 4.1570000648498535, 4.269999980926514, 4.585999965667725, 4.566999912261963, 4.513999938964844, 4.453999996185303, 4.39900016784668, 4.335999965667725, 4.271999835968018, 4.218999862670898, 4.15500020980835, 4.105999946594238, 4.054999828338623, 4.0289998054504395, 4.0229997634887695]
intensities: [510.0, 532.0, 542.0, 616.0, 840.0, 775.0, 702.0, 431.0, 453.0, 493.0, 517.0, 552.0, 589.0, 580.0, 590.0, 521.0, 500.0, 505.0, 548.0, 553.0, 553.0, 539.0, 533.0, 574.0, 574.0, 564.0, 552.0, 581.0, 615.0, 591.0, 549.0, 518.0, 520.0, 538.0, 559.0, 603.0, 623.0, 666.0, 668.0, 674.0, 693.0, 649.0, 590.0, 535.0, 539.0, 523.0, 515.0, 549.0, 531.0, 542.0, 701.0, 736.0, 743.0, 717.0, 692.0, 661.0, 671.0, 635.0, 634.0, 624.0, 709.0, 748.0, 786.0, 815.0, 817.0, 848.0, 872.0, 923.0, 1005.0, 1003.0, 1013.0, 1002.0, 966.0, 948.0, 949.0, 966.0, 981.0, 976.0, 1025.0, 1029.0, 1037.0, 1082.0, 1099.0, 1100.0, 1119.0, 1162.0, 1177.0, 1248.0, 1248.0, 1248.0, 1295.0, 1297.0, 1322.0, 1311.0, 1299.0, 1292.0, 1292.0, 1292.0, 1258.0, 1294.0, 1255.0, 1250.0, 1256.0, 1256.0, 1249.0, 1238.0, 1235.0, 1235.0, 1224.0, 1245.0, 1223.0, 1241.0, 1215.0, 1219.0, 1199.0, 1193.0, 1204.0, 1197.0, 1233.0, 1233.0, 1260.0, 1301.0, 1305.0, 1127.0, 867.0, 442.0, 400.0, 342.0, 327.0, 360.0, 595.0, 779.0, 826.0, 824.0, 836.0, 834.0, 834.0, 836.0, 837.0, 836.0, 830.0, 833.0, 836.0, 833.0, 829.0, 815.0, 812.0, 798.0, 800.0, 800.0, 795.0, 795.0, 784.0, 792.0, 783.0, 777.0, 786.0, 777.0, 769.0, 781.0, 777.0, 769.0, 779.0, 766.0, 771.0, 768.0, 759.0, 754.0, 750.0, 735.0, 724.0, 724.0, 708.0, 672.0, 567.0, 519.0, 519.0, 0.0, 0.0, 776.0, 779.0, 768.0, 704.0, 682.0, 768.0, 805.0, 823.0, 827.0, 829.0, 832.0, 836.0, 841.0, 828.0, 827.0, 824.0, 830.0, 829.0, 829.0, 818.0, 815.0, 813.0, 815.0, 818.0, 788.0, 800.0, 796.0, 796.0, 797.0, 794.0, 786.0, 777.0, 770.0, 770.0, 780.0, 774.0, 773.0, 771.0, 766.0, 763.0, 762.0, 751.0, 736.0, 743.0, 734.0, 735.0, 734.0, 731.0, 722.0, 717.0, 708.0, 705.0, 706.0, 698.0, 697.0, 679.0, 679.0, 679.0, 680.0, 672.0, 661.0, 655.0, 654.0, 638.0, 624.0, 623.0, 604.0, 604.0, 604.0, 600.0, 588.0, 585.0, 580.0, 576.0, 574.0, 574.0, 571.0, 567.0, 555.0, 548.0, 549.0, 547.0, 552.0, 547.0, 531.0, 544.0, 545.0, 539.0, 536.0, 531.0, 529.0, 529.0, 538.0, 524.0, 517.0, 524.0, 514.0, 496.0, 490.0, 497.0, 464.0, 465.0, 444.0, 431.0, 435.0, 425.0, 425.0, 396.0, 379.0, 375.0, 382.0, 364.0, 364.0, 368.0, 360.0, 330.0, 325.0, 330.0, 316.0, 316.0, 305.0, 317.0, 285.0, 293.0, 268.0, 268.0, 251.0, 239.0, 209.0, 209.0, 201.0, 191.0, 210.0, 198.0, 198.0, 198.0, 0.0, 0.0, 232.0, 232.0, 407.0, 441.0, 476.0, 518.0, 559.0, 595.0, 720.0, 1058.0, 1105.0, 1113.0, 1119.0, 1140.0, 1108.0, 1119.0, 1140.0, 1140.0, 1150.0, 1134.0, 1128.0, 1140.0, 1113.0, 1111.0, 1124.0, 1124.0, 1139.0, 1134.0, 1159.0, 1173.0, 769.0, 679.0, 748.0, 850.0, 861.0, 861.0, 852.0, 841.0, 844.0, 848.0, 840.0, 823.0, 818.0, 818.0, 802.0, 798.0, 793.0, 789.0, 771.0, 773.0, 766.0, 765.0, 751.0, 755.0, 744.0, 752.0, 745.0, 740.0, 737.0, 725.0, 727.0, 713.0, 713.0, 702.0, 705.0, 698.0, 695.0, 692.0, 685.0, 680.0, 682.0, 665.0, 672.0, 658.0, 645.0, 643.0, 639.0, 634.0, 633.0, 633.0, 630.0, 629.0, 627.0, 625.0, 619.0, 607.0, 598.0, 602.0, 598.0, 603.0, 601.0, 592.0, 584.0, 599.0, 591.0, 586.0, 584.0, 573.0, 729.0, 806.0, 1037.0, 1089.0, 1089.0, 1084.0, 1103.0, 1091.0, 1097.0, 1110.0, 1100.0, 1093.0, 1128.0, 1106.0, 1104.0, 1111.0, 1094.0, 1232.0, 1216.0, 1208.0, 1134.0, 1129.0, 1160.0, 1173.0, 1198.0, 1232.0, 1242.0, 1313.0, 1296.0, 1343.0, 1308.0, 1311.0, 1289.0, 1268.0, 1117.0, 1122.0, 1122.0, 1210.0, 1226.0, 1229.0, 1237.0, 1283.0, 1259.0, 1119.0, 1110.0, 1106.0, 1100.0, 1107.0, 1108.0, 1094.0, 1088.0, 1095.0, 1100.0, 1078.0, 1094.0, 1105.0, 1108.0, 1109.0, 1118.0, 1108.0, 1102.0, 1072.0, 1010.0, 912.0, 904.0, 931.0, 1021.0, 1093.0, 1106.0, 1107.0, 1125.0, 1125.0, 1102.0, 1112.0, 1125.0, 1096.0, 1117.0, 1095.0, 1114.0, 1124.0, 1102.0, 1094.0, 1115.0, 1125.0, 1104.0, 1126.0, 1114.0, 1123.0, 1153.0, 1203.0, 1190.0, 1182.0, 1127.0, 1043.0, 1032.0, 1022.0, 1011.0, 1012.0, 1001.0, 995.0, 987.0, 981.0, 975.0, 968.0, 978.0, 959.0, 968.0, 970.0, 962.0, 964.0, 960.0, 965.0, 953.0, 929.0, 929.0, 1498.0, 1572.0, 1474.0, 1343.0, 1334.0, 1320.0, 1397.0, 1383.0, 1459.0, 1616.0, 1566.0, 1517.0, 1415.0, 1382.0, 1364.0, 1430.0, 1470.0, 1581.0, 1578.0, 1678.0, 1697.0, 1807.0, 1802.0, 1772.0, 1743.0, 1777.0, 1815.0, 1809.0, 1808.0, 1649.0, 1605.0, 1564.0, 1535.0, 1517.0, 1523.0, 1538.0, 1559.0, 1465.0, 1442.0, 1120.0, 1115.0, 1112.0, 1112.0, 1115.0, 1109.0, 1103.0, 1116.0, 1114.0, 1106.0, 1110.0, 1111.0, 1111.0, 1099.0, 1111.0, 1137.0, 1115.0, 1164.0, 1194.0, 1447.0, 1518.0, 1636.0, 1540.0, 1360.0, 1323.0, 1283.0, 1242.0, 1242.0, 1200.0, 1188.0, 1233.0, 1233.0, 1233.0, 1224.0, 1192.0, 1213.0, 1346.0, 1431.0, 1412.0, 1362.0, 1318.0, 1275.0, 1273.0, 1276.0, 1245.0, 1239.0, 1150.0, 1160.0, 1157.0, 1207.0, 1269.0, 1379.0, 1397.0, 1388.0, 1401.0, 1414.0, 1332.0, 1300.0, 1255.0, 1334.0, 1488.0, 1609.0, 1624.0, 1673.0, 1697.0, 1694.0, 1337.0, 1333.0, 1425.0, 1425.0, 1500.0, 1531.0, 1524.0, 1529.0, 1495.0, 1518.0, 1441.0, 1426.0, 1389.0, 1394.0, 1387.0, 1394.0, 1303.0, 1270.0, 1497.0, 1662.0, 1737.0, 1806.0, 1784.0, 1784.0, 1627.0, 1625.0, 1645.0, 1651.0, 1590.0, 1481.0, 1245.0, 1143.0, 1118.0, 1134.0, 1119.0, 1119.0, 1183.0, 1234.0, 1278.0, 1291.0, 1302.0, 1285.0, 1306.0, 1252.0, 1149.0, 1149.0, 1112.0, 1000.0, 1350.0, 507.0, 918.0, 916.0, 882.0, 851.0, 849.0, 850.0, 794.0, 745.0, 507.0, 519.0, 527.0, 514.0, 533.0, 523.0, 533.0, 538.0, 527.0, 522.0, 516.0, 519.0, 521.0, 521.0, 525.0, 519.0, 516.0, 519.0, 511.0, 518.0, 518.0, 511.0, 521.0, 510.0, 510.0, 510.0, 505.0, 514.0, 521.0, 544.0, 579.0, 582.0, 560.0, 487.0, 423.0, 0.0, 0.0, 0.0, 0.0, 0.0, 0.0, 0.0, 0.0, 0.0, 0.0, 0.0, 0.0, 0.0, 0.0, 0.0, 0.0, 0.0, 0.0, 0.0, 0.0, 0.0, 0.0, 0.0, 0.0, 0.0, 0.0, 748.0, 766.0, 833.0, 874.0, 874.0, 877.0, 871.0, 868.0, 864.0, 863.0, 861.0, 866.0, 850.0, 858.0, 856.0, 848.0, 855.0, 811.0, 764.0, 773.0, 767.0, 758.0, 745.0, 744.0, 733.0, 730.0, 725.0, 721.0, 712.0, 713.0, 712.0, 687.0, 705.0, 687.0, 0.0, 0.0, 0.0, 0.0, 0.0, 0.0, 0.0, 0.0, 0.0, 0.0, 0.0, 0.0, 0.0, 0.0, 0.0, 0.0, 0.0, 0.0, 0.0, 0.0, 0.0, 0.0, 0.0, 0.0, 898.0, 895.0, 869.0, 814.0, 841.0, 813.0, 804.0, 810.0, 755.0, 725.0, 785.0, 789.0, 789.0, 789.0, 790.0, 789.0, 800.0, 958.0, 831.0, 844.0, 749.0, 727.0, 777.0, 797.0, 735.0, 765.0, 767.0, 799.0, 841.0, 781.0, 778.0, 785.0, 803.0, 806.0, 806.0, 801.0, 789.0, 703.0, 603.0, 547.0, 449.0, 417.0, 849.0, 644.0, 668.0, 686.0, 691.0, 695.0, 701.0, 709.0, 720.0, 720.0, 724.0, 732.0, 730.0, 746.0, 743.0, 749.0, 756.0, 760.0, 340.0, 726.0, 894.0, 846.0, 846.0, 842.0, 838.0, 836.0, 830.0, 835.0, 828.0, 831.0, 820.0, 824.0, 851.0, 853.0, 847.0, 850.0, 840.0, 807.0, 807.0, 806.0, 807.0, 811.0, 815.0, 803.0, 801.0, 793.0, 796.0, 779.0, 758.0, 754.0, 735.0, 732.0, 738.0, 737.0, 755.0, 768.0, 845.0, 904.0, 902.0, 881.0, 870.0, 864.0, 846.0, 837.0, 833.0, 838.0, 775.0, 775.0, 1226.0, 1288.0, 1334.0, 1357.0, 1309.0, 1240.0, 676.0, 700.0, 727.0, 772.0, 794.0, 801.0, 797.0, 796.0, 834.0, 824.0, 813.0, 823.0, 819.0, 818.0, 810.0, 810.0, 813.0, 899.0, 1216.0, 1268.0, 915.0, 915.0, 912.0, 916.0, 926.0, 927.0, 913.0, 1210.0, 1227.0, 1179.0, 1154.0, 1166.0, 1167.0, 1167.0, 879.0, 919.0, 876.0, 843.0, 873.0, 891.0, 888.0, 1431.0, 1422.0, 889.0, 889.0, 844.0, 357.0, 320.0, 311.0, 0.0, 0.0, 0.0, 194.0, 194.0, 0.0, 0.0, 0.0, 0.0, 0.0, 0.0, 0.0, 0.0, 0.0, 0.0, 0.0, 0.0, 799.0, 567.0, 1101.0, 1085.0, 1046.0, 932.0, 919.0, 920.0, 915.0, 910.0, 918.0, 915.0, 914.0, 915.0, 911.0, 934.0, 939.0, 915.0, 913.0, 900.0, 900.0, 925.0, 925.0, 924.0, 929.0, 890.0, 893.0, 869.0, 1247.0, 1565.0, 1286.0, 1194.0, 1120.0, 1103.0, 1109.0, 1098.0, 1095.0, 1083.0, 1034.0, 1009.0, 963.0, 970.0, 996.0, 1077.0, 1202.0, 1153.0, 1027.0, 1029.0, 1020.0, 1016.0, 1050.0, 1097.0, 1097.0, 1109.0, 1114.0, 1113.0, 1475.0, 1679.0, 745.0, 464.0, 904.0, 898.0, 906.0, 921.0, 914.0, 923.0, 923.0, 912.0, 915.0, 927.0, 911.0, 895.0, 911.0, 874.0, 653.0, 655.0, 667.0, 669.0, 675.0, 666.0, 675.0, 693.0, 701.0, 716.0, 670.0, 653.0, 668.0]