header: 
  seq: 266
  stamp: 
    secs: 1545151123
    nsecs: 966057975
  frame_id: "base_link"
angle_min: -2.35619449615
angle_max: 2.35619449615
angle_increment: 0.00436332309619
time_increment: 1.73611151695e-05
scan_time: 0.0250000003725
range_min: 0.019999999553
range_max: 30.0
ranges: [0.13899999856948853, 0.15299999713897705, 0.14100000262260437, 0.15600000321865082, 0.17100000381469727, 0.17100000381469727, 0.17299999296665192, 0.19699999690055847, 0.2160000056028366, 0.22200000286102295, 0.26100000739097595, 0.2680000066757202, 0.3109999895095825, 0.3240000009536743, 0.382999986410141, 0.41999998688697815, 0.47999998927116394, 0.5289999842643738, 0.5419999957084656, 0.5419999957084656, 0.5559999942779541, 0.5680000185966492, 0.5860000252723694, 0.5759999752044678, 0.5709999799728394, 0.5709999799728394, 0.5680000185966492, 0.5669999718666077, 0.5680000185966492, 0.5740000009536743, 0.5789999961853027, 0.5920000076293945, 0.5920000076293945, 0.5870000123977661, 0.5920000076293945, 0.5979999899864197, 0.6050000190734863, 0.6110000014305115, 0.6079999804496765, 0.6039999723434448, 0.6079999804496765, 0.6100000143051147, 0.6119999885559082, 0.6119999885559082, 0.6119999885559082, 0.6150000095367432, 0.6140000224113464, 0.6150000095367432, 0.6179999709129333, 0.6269999742507935, 0.628000020980835, 0.6309999823570251, 0.6380000114440918, 0.6420000195503235, 0.640999972820282, 0.6349999904632568, 0.6150000095367432, 0.6000000238418579, 0.5630000233650208, 0.5189999938011169, 0.4390000104904175, 0.421999990940094, 0.3610000014305115, 0.25099998712539673, 0.2770000100135803, 0.3610000014305115, 0.40400001406669617, 0.45100000500679016, 0.4909999966621399, 0.597000002861023, 0.6359999775886536, 0.6650000214576721, 0.6840000152587891, 0.6880000233650208, 0.6959999799728394, 0.699999988079071, 0.699999988079071, 0.6990000009536743, 0.6970000267028809, 0.7089999914169312, 0.7120000123977661, 0.7120000123977661, 0.7149999737739563, 0.7210000157356262, 0.7279999852180481, 0.7310000061988831, 0.7350000143051147, 0.7390000224113464, 0.7409999966621399, 0.7459999918937683, 0.753000020980835, 0.7540000081062317, 0.7580000162124634, 0.7620000243186951, 0.7680000066757202, 0.7699999809265137, 0.7720000147819519, 0.781000018119812, 0.7870000004768372, 0.7889999747276306, 0.7929999828338623, 0.7929999828338623, 0.7960000038146973, 0.7990000247955322, 0.8050000071525574, 0.8100000023841858, 0.8169999718666077, 0.8199999928474426, 0.8270000219345093, 0.8320000171661377, 0.8320000171661377, 0.8330000042915344, 0.8410000205039978, 0.8420000076293945, 0.8519999980926514, 0.8579999804496765, 0.8669999837875366, 0.8610000014305115, 0.8690000176429749, 0.8679999709129333, 0.878000020980835, 0.8970000147819519, 0.8640000224113464, 0.8389999866485596, 0.8349999785423279, 0.8539999723434448, 0.8550000190734863, 0.8989999890327454, 0.9100000262260437, 0.8939999938011169, 0.8939999938011169, 0.8930000066757202, 0.8930000066757202, 0.8960000276565552, 0.8999999761581421, 0.9039999842643738, 0.902999997138977, 0.902999997138977, 0.9070000052452087, 0.906000018119812, 0.9240000247955322, 0.9179999828338623, 0.9160000085830688, 0.9200000166893005, 0.9169999957084656, 0.9179999828338623, 0.9169999957084656, 0.9200000166893005, 0.9259999990463257, 0.9279999732971191, 0.9279999732971191, 0.9269999861717224, 0.9319999814033508, 0.9340000152587891, 0.9430000185966492, 0.9459999799728394, 0.9559999704360962, 0.9580000042915344, 0.9679999947547913, 0.9639999866485596, 0.968999981880188, 0.9750000238418579, 0.9700000286102295, 0.9580000042915344, 0.9509999752044678, 0.9769999980926514, 0.9670000076293945, 0.9480000138282776, 0.9480000138282776, 0.9380000233650208, 0.9430000185966492, 0.9480000138282776, 0.9490000009536743, 0.9490000009536743, 0.9539999961853027, 0.9549999833106995, 0.9679999947547913, 0.984000027179718, 0.996999979019165, 0.9929999709129333, 0.9900000095367432, 0.9769999980926514, 0.9810000061988831, 0.9750000238418579, 0.9769999980926514, 0.9779999852180481, 0.968999981880188, 0.9670000076293945, 0.9559999704360962, 0.9559999704360962, 65.53299713134766, 65.53299713134766, 65.53299713134766, 0.40700000524520874, 0.42399999499320984, 0.42399999499320984, 0.42100000381469727, 0.4429999887943268, 0.44699999690055847, 0.45500001311302185, 0.45899999141693115, 0.45899999141693115, 0.45399999618530273, 0.45500001311302185, 0.4569999873638153, 0.45100000500679016, 0.4569999873638153, 0.460999995470047, 0.4620000123977661, 0.4620000123977661, 0.46299999952316284, 0.4659999907016754, 0.46399998664855957, 0.47200000286102295, 0.48500001430511475, 0.4909999966621399, 0.49000000953674316, 0.4869999885559082, 0.48899999260902405, 0.4880000054836273, 0.4880000054836273, 0.4819999933242798, 0.4909999966621399, 0.4970000088214874, 0.492000013589859, 0.49000000953674316, 0.49900001287460327, 0.4970000088214874, 0.503000020980835, 0.5109999775886536, 0.5090000033378601, 0.49799999594688416, 0.5019999742507935, 0.5170000195503235, 0.5189999938011169, 0.5139999985694885, 0.5080000162124634, 0.5170000195503235, 0.5320000052452087, 0.5299999713897705, 0.5210000276565552, 0.5230000019073486, 0.5270000100135803, 0.5350000262260437, 0.5410000085830688, 0.5550000071525574, 0.5540000200271606, 0.5580000281333923, 0.5460000038146973, 0.5590000152587891, 0.5770000219345093, 0.5759999752044678, 0.5709999799728394, 0.5619999766349792, 0.5699999928474426, 0.5669999718666077, 0.5849999785423279, 0.5860000252723694, 0.6060000061988831, 0.6010000109672546, 0.6060000061988831, 0.6159999966621399, 0.6119999885559082, 0.6119999885559082, 0.6200000047683716, 0.6349999904632568, 0.6309999823570251, 0.6399999856948853, 0.6399999856948853, 0.6340000033378601, 0.6460000276565552, 0.6489999890327454, 0.6660000085830688, 0.652999997138977, 0.6460000276565552, 0.6549999713897705, 0.6650000214576721, 0.6759999990463257, 0.6729999780654907, 0.6740000247955322, 0.7039999961853027, 0.6940000057220459, 0.7070000171661377, 0.7229999899864197, 0.7260000109672546, 0.7319999933242798, 0.7260000109672546, 0.7200000286102295, 0.7200000286102295, 0.7799999713897705, 0.7770000100135803, 0.8059999942779541, 0.7950000166893005, 0.8730000257492065, 0.9559999704360962, 1.0889999866485596, 1.121999979019165, 1.1690000295639038, 1.2100000381469727, 1.2430000305175781, 1.2430000305175781, 1.2489999532699585, 1.3140000104904175, 1.3140000104904175, 1.315999984741211, 1.3279999494552612, 1.3179999589920044, 1.319000005722046, 1.315000057220459, 1.3079999685287476, 1.2860000133514404, 1.277999997138977, 1.253999948501587, 1.1759999990463257, 1.1009999513626099, 1.1330000162124634, 1.194000005722046, 1.1959999799728394, 1.1979999542236328, 1.2039999961853027, 1.2029999494552612, 1.2000000476837158, 1.2000000476837158, 1.2079999446868896, 1.2100000381469727, 1.2100000381469727, 1.2020000219345093, 1.2039999961853027, 1.2109999656677246, 1.218999981880188, 1.225000023841858, 1.2280000448226929, 1.2230000495910645, 1.2269999980926514, 1.2300000190734863, 1.2300000190734863, 1.2259999513626099, 1.2350000143051147, 1.2330000400543213, 1.2389999628067017, 1.2389999628067017, 1.2400000095367432, 1.2400000095367432, 1.2419999837875366, 1.2430000305175781, 1.2430000305175781, 1.2419999837875366, 1.2549999952316284, 1.2580000162124634, 1.2580000162124634, 1.2619999647140503, 1.2610000371932983, 1.2669999599456787, 1.2719999551773071, 1.2660000324249268, 1.2680000066757202, 1.2690000534057617, 1.2690000534057617, 1.2719999551773071, 1.281999945640564, 1.281999945640564, 1.281999945640564, 1.2799999713897705, 1.2869999408721924, 1.284000039100647, 1.2970000505447388, 1.2910000085830688, 1.2999999523162842, 1.3079999685287476, 1.3079999685287476, 1.3009999990463257, 1.3009999990463257, 1.309000015258789, 1.3170000314712524, 1.315999984741211, 1.3220000267028809, 1.3229999542236328, 1.3250000476837158, 1.3320000171661377, 1.3350000381469727, 1.3389999866485596, 1.340999960899353, 1.3370000123977661, 1.3420000076293945, 1.350000023841858, 1.3569999933242798, 1.3609999418258667, 1.3669999837875366, 1.3680000305175781, 1.3739999532699585, 1.3739999532699585, 1.375, 1.3760000467300415, 1.378000020980835, 1.3880000114440918, 1.3960000276565552, 1.399999976158142, 1.3980000019073486, 1.4049999713897705, 1.4119999408721924, 1.4160000085830688, 1.4140000343322754, 1.430999994277954, 1.437000036239624, 1.4390000104904175, 1.4390000104904175, 1.440000057220459, 1.4520000219345093, 1.4579999446868896, 1.4609999656677246, 1.4609999656677246, 1.475000023841858, 1.4780000448226929, 1.4780000448226929, 1.4900000095367432, 1.496000051498413, 1.5089999437332153, 1.5169999599456787, 1.5199999809265137, 1.524999976158142, 1.527999997138977, 1.5260000228881836, 1.5290000438690186, 1.5399999618530273, 1.5440000295639038, 1.5570000410079956, 1.562000036239624, 1.5670000314712524, 1.5700000524520874, 1.569000005722046, 1.5789999961853027, 1.5880000591278076, 1.5950000286102295, 1.600000023841858, 1.6039999723434448, 1.621000051498413, 1.6319999694824219, 1.6460000276565552, 1.6430000066757202, 1.6440000534057617, 1.6540000438690186, 1.6549999713897705, 1.6649999618530273, 1.6759999990463257, 1.6859999895095825, 1.690000057220459, 1.690000057220459, 1.7029999494552612, 1.7050000429153442, 1.7319999933242798, 1.7369999885559082, 1.7380000352859497, 1.7569999694824219, 1.7630000114440918, 1.7730000019073486, 1.7869999408721924, 1.7890000343322754, 1.7920000553131104, 1.8070000410079956, 1.8009999990463257, 1.8009999990463257, 1.7960000038146973, 1.7829999923706055, 1.7740000486373901, 1.7710000276565552, 1.7640000581741333, 1.7589999437332153, 1.753000020980835, 1.7450000047683716, 1.7380000352859497, 1.7309999465942383, 1.7319999933242798, 1.7209999561309814, 1.715999960899353, 1.715000033378601, 1.7120000123977661, 1.7039999961853027, 1.6950000524520874, 1.6790000200271606, 1.659999966621399, 1.2059999704360962, 0.9150000214576721, 0.8799999952316284, 0.8629999756813049, 0.847000002861023, 0.8029999732971191, 0.8009999990463257, 0.796999990940094, 0.7950000166893005, 0.7900000214576721, 0.7900000214576721, 0.7879999876022339, 0.7860000133514404, 0.7860000133514404, 0.7879999876022339, 0.7929999828338623, 0.7879999876022339, 0.765999972820282, 0.7540000081062317, 0.75, 0.7459999918937683, 0.734000027179718, 0.7210000157356262, 0.703000009059906, 0.6990000009536743, 0.6980000138282776, 0.699999988079071, 0.718999981880188, 0.7229999899864197, 0.7229999899864197, 0.7229999899864197, 0.7149999737739563, 0.7139999866485596, 0.7070000171661377, 0.7020000219345093, 0.699999988079071, 0.7039999961853027, 0.6970000267028809, 0.6909999847412109, 0.6909999847412109, 0.6930000185966492, 0.6970000267028809, 0.6970000267028809, 0.6970000267028809, 0.6890000104904175, 0.6809999942779541, 0.6759999990463257, 0.6790000200271606, 0.6710000038146973, 0.6669999957084656, 0.6439999938011169, 0.6430000066757202, 0.6370000243186951, 0.6489999890327454, 0.6629999876022339, 0.6570000052452087, 0.6690000295639038, 0.6700000166893005, 0.6690000295639038, 0.6650000214576721, 0.6620000004768372, 0.6570000052452087, 0.6539999842643738, 0.6510000228881836, 0.6480000019073486, 0.6380000114440918, 0.6380000114440918, 0.6290000081062317, 0.6269999742507935, 0.6309999823570251, 0.6359999775886536, 0.6330000162124634, 0.6290000081062317, 0.6259999871253967, 0.6169999837875366, 0.6050000190734863, 0.5770000219345093, 0.5529999732971191, 0.5440000295639038, 0.5360000133514404, 0.5400000214576721, 0.5370000004768372, 0.5440000295639038, 0.5440000295639038, 0.5440000295639038, 0.5419999957084656, 0.5479999780654907, 0.5580000281333923, 0.5630000233650208, 0.5630000233650208, 0.5590000152587891, 0.5590000152587891, 0.5569999814033508, 0.5479999780654907, 0.5440000295639038, 0.5450000166893005, 0.5490000247955322, 0.5529999732971191, 0.5550000071525574, 0.5580000281333923, 0.5590000152587891, 0.5590000152587891, 0.5519999861717224, 0.5450000166893005, 0.546999990940094, 0.5479999780654907, 0.5490000247955322, 0.5379999876022339, 0.5379999876022339, 0.5440000295639038, 0.5419999957084656, 0.5320000052452087, 0.5350000262260437, 0.5329999923706055, 0.5339999794960022, 0.5360000133514404, 0.5400000214576721, 0.5400000214576721, 0.5350000262260437, 0.5379999876022339, 0.5400000214576721, 0.5419999957084656, 0.5450000166893005, 0.5450000166893005, 0.5419999957084656, 0.5410000085830688, 0.5389999747276306, 0.5339999794960022, 0.5419999957084656, 0.5410000085830688, 0.5400000214576721, 0.5450000166893005, 0.5479999780654907, 0.546999990940094, 0.5509999990463257, 0.5479999780654907, 0.5550000071525574, 0.5550000071525574, 0.5550000071525574, 0.5550000071525574, 0.5550000071525574, 0.5550000071525574, 0.5540000200271606, 0.5600000023841858, 0.5559999942779541, 0.5640000104904175, 0.5640000104904175, 0.5569999814033508, 0.5569999814033508, 0.5600000023841858, 0.5630000233650208, 0.5619999766349792, 0.5640000104904175, 0.5649999976158142, 0.5740000009536743, 0.5870000123977661, 0.6700000166893005, 0.7459999918937683, 0.6150000095367432, 3.2160000801086426, 3.234999895095825, 3.234999895095825, 3.239000082015991, 3.240000009536743, 3.242000102996826, 3.24399995803833, 3.249000072479248, 3.249000072479248, 3.250999927520752, 3.250999927520752, 3.25600004196167, 3.259999990463257, 3.259999990463257, 3.259999990463257, 3.256999969482422, 3.2690000534057617, 3.2709999084472656, 3.2660000324249268, 3.2709999084472656, 3.2760000228881836, 3.2760000228881836, 3.2760000228881836, 3.2639999389648438, 3.194000005722046, 3.115000009536743, 3.065000057220459, 3.0789999961853027, 3.121999979019165, 3.3399999141693115, 3.325000047683716, 11.027000427246094, 11.043999671936035, 11.08899974822998, 11.095999717712402, 11.098999977111816, 11.104000091552734, 11.130999565124512, 11.152999877929688, 11.151000022888184, 11.163000106811523, 11.17300033569336, 11.187000274658203, 11.215999603271484, 11.204000473022461, 11.244000434875488, 11.251999855041504, 11.270999908447266, 11.279999732971191, 11.29699993133545, 11.324999809265137, 11.354000091552734, 11.364999771118164, 11.375, 11.390000343322754, 11.411999702453613, 11.432000160217285, 11.440999984741211, 11.45300006866455, 11.460000038146973, 11.432000160217285, 11.326000213623047, 11.23900032043457, 11.241000175476074, 11.25100040435791, 11.239999771118164, 11.32800006866455, 65.53299713134766, 65.53299713134766, 65.53299713134766, 65.53299713134766, 65.53299713134766, 65.53299713134766, 65.53299713134766, 65.53299713134766, 65.53299713134766, 65.53299713134766, 65.53299713134766, 65.53299713134766, 65.53299713134766, 65.53299713134766, 65.53299713134766, 65.53299713134766, 65.53299713134766, 65.53299713134766, 65.53299713134766, 65.53299713134766, 65.53299713134766, 65.53299713134766, 65.53299713134766, 3.934000015258789, 3.934000015258789, 3.9179999828338623, 3.9059998989105225, 3.9070000648498535, 3.9179999828338623, 3.930999994277954, 3.934000015258789, 3.9560000896453857, 3.9579999446868896, 3.9719998836517334, 3.986999988555908, 3.99399995803833, 4.002999782562256, 4.008999824523926, 4.02400016784668, 4.0320000648498535, 4.047999858856201, 4.053999900817871, 4.063000202178955, 4.084000110626221, 4.09499979019165, 4.107999801635742, 4.120999813079834, 4.138000011444092, 4.151000022888184, 4.1620001792907715, 4.170000076293945, 4.184999942779541, 4.197000026702881, 4.218999862670898, 4.2230000495910645, 4.234000205993652, 4.2170000076293945, 4.2170000076293945, 65.53299713134766, 65.53299713134766, 65.53299713134766, 65.53299713134766, 65.53299713134766, 65.53299713134766, 65.53299713134766, 65.53299713134766, 65.53299713134766, 65.53299713134766, 65.53299713134766, 65.53299713134766, 65.53299713134766, 65.53299713134766, 65.53299713134766, 65.53299713134766, 65.53299713134766, 65.53299713134766, 65.53299713134766, 65.53299713134766, 65.53299713134766, 65.53299713134766, 65.53299713134766, 4.673999786376953, 4.692999839782715, 4.7129998207092285, 4.72599983215332, 4.744999885559082, 4.767000198364258, 4.784999847412109, 4.806000232696533, 4.817999839782715, 4.854000091552734, 4.875999927520752, 4.896999835968018, 4.926000118255615, 4.943999767303467, 4.954999923706055, 4.979000091552734, 5.006999969482422, 5.0269999504089355, 5.0370001792907715, 5.052999973297119, 5.046000003814697, 5.019000053405762, 5.025000095367432, 3.375999927520752, 3.365000009536743, 3.4210000038146973, 3.441999912261963, 3.4590001106262207, 3.4760000705718994, 3.493000030517578, 3.507999897003174, 3.546999931335449, 3.553999900817871, 3.569999933242798, 3.5989999771118164, 3.609999895095825, 3.635999917984009, 3.6730000972747803, 3.7149999141693115, 3.697999954223633, 3.7170000076293945, 4.353000164031982, 4.6479997634887695, 4.632999897003174, 4.620999813079834, 4.61299991607666, 4.494999885559082, 4.414000034332275, 4.485000133514404, 4.558000087738037, 4.554999828338623, 4.551000118255615, 4.5279998779296875, 4.515999794006348, 4.494999885559082, 4.486000061035156, 2.9820001125335693, 3.000999927520752, 2.9790000915527344, 2.9719998836517334, 2.9719998836517334, 2.99399995803833, 3.0250000953674316, 3.0260000228881836, 3.0290000438690186, 3.0199999809265137, 3.0399999618530273, 3.072000026702881, 3.1419999599456787, 3.2130000591278076, 3.240999937057495, 3.250999927520752, 3.2739999294281006, 3.3010001182556152, 3.319999933242798, 3.3420000076293945, 3.378000020980835, 3.3940000534057617, 3.431999921798706, 3.4639999866485596, 3.4800000190734863, 3.509999990463257, 3.5460000038146973, 3.569000005722046, 3.6010000705718994, 3.628999948501587, 3.6510000228881836, 3.683000087738037, 3.7209999561309814, 3.7330000400543213, 3.7660000324249268, 3.802999973297119, 3.8389999866485596, 3.8550000190734863, 3.871000051498413, 3.4579999446868896, 3.0829999446868896, 3.0829999446868896, 3.0969998836517334, 3.1110000610351562, 3.0999999046325684, 3.1010000705718994, 3.0910000801086426, 3.069999933242798, 3.0450000762939453, 3.0350000858306885, 3.0789999961853027, 3.062000036239624, 3.069000005722046, 3.065000057220459, 3.065000057220459, 3.068000078201294, 3.066999912261963, 3.063999891281128, 3.062000036239624, 3.0490000247955322, 3.0390000343322754, 3.0409998893737793, 3.046999931335449, 3.0350000858306885, 3.0339999198913574, 3.0239999294281006, 3.0179998874664307, 2.934999942779541, 2.9140000343322754, 2.9679999351501465, 3.1989998817443848, 3.86899995803833, 3.878000020980835, 3.878999948501587, 3.880000114440918, 3.86899995803833, 3.865999937057495, 3.859999895095825, 3.8570001125335693, 3.8480000495910645, 3.8429999351501465, 3.8389999866485596, 3.8389999866485596, 3.8350000381469727, 3.8299999237060547, 3.8269999027252197, 3.8239998817443848, 3.813999891281128, 3.808000087738037, 3.808000087738037, 3.809000015258789, 3.7960000038146973, 3.7960000038146973, 3.7960000038146973, 3.7950000762939453, 3.7829999923706055, 3.7750000953674316, 3.7769999504089355, 3.75, 3.7160000801086426, 3.7149999141693115, 3.7249999046325684, 3.746000051498413, 3.7739999294281006, 3.7750000953674316, 3.7750000953674316, 3.7660000324249268, 3.763000011444092, 3.760999917984009, 3.76200008392334, 3.759000062942505, 3.757999897003174, 3.750999927520752, 3.747999906539917, 3.749000072479248, 3.75, 3.747999906539917, 3.75, 3.742000102996826, 3.7360000610351562, 3.7239999771118164, 3.6570000648498535, 3.2660000324249268, 3.244999885559082, 3.200000047683716, 3.1630001068115234, 3.3499999046325684, 3.3499999046325684, 3.7149999141693115, 3.7219998836517334, 3.7269999980926514, 3.734999895095825, 3.734999895095825, 3.7290000915527344, 3.2699999809265137, 3.240000009536743, 3.265000104904175, 3.3910000324249268, 3.4019999504089355, 3.3959999084472656, 3.3929998874664307, 3.3499999046325684, 2.3359999656677246, 2.253000020980835, 2.2339999675750732, 2.2209999561309814, 2.2230000495910645, 2.2360000610351562, 2.246999979019165, 2.365999937057495, 2.6659998893737793, 3.697000026702881, 3.697000026702881, 2.1619999408721924, 1.9500000476837158, 1.9259999990463257, 1.9079999923706055, 1.8919999599456787, 1.8869999647140503, 1.8769999742507935, 1.8530000448226929, 1.034999966621399, 0.8930000066757202, 0.878000020980835, 0.8740000128746033, 0.8759999871253967, 0.8790000081062317, 0.8669999837875366, 0.8809999823570251, 0.8740000128746033, 0.8740000128746033, 0.8669999837875366, 0.8679999709129333, 0.8690000176429749, 0.8799999952316284, 0.8799999952316284, 0.8830000162124634, 0.8799999952316284, 0.8939999938011169, 0.8939999938011169, 0.8920000195503235, 0.8920000195503235, 0.8930000066757202, 0.8920000195503235, 0.8899999856948853, 0.8920000195503235, 0.8960000276565552, 0.8999999761581421, 0.8980000019073486, 0.902999997138977, 0.9100000262260437, 0.9169999957084656, 0.9120000004768372, 0.9100000262260437, 0.9120000004768372, 0.9120000004768372, 0.9100000262260437, 0.9139999747276306, 0.9169999957084656, 0.9139999747276306, 0.9070000052452087, 0.9150000214576721, 0.9129999876022339, 0.9160000085830688, 0.9150000214576721, 0.9150000214576721, 0.9110000133514404, 0.902999997138977, 0.906000018119812, 0.9160000085830688, 0.9120000004768372, 0.8970000147819519, 0.8830000162124634, 0.8769999742507935, 0.875, 0.8999999761581421, 0.9150000214576721, 0.9279999732971191, 0.925000011920929, 0.9210000038146973, 0.9079999923706055, 0.9570000171661377, 0.9629999995231628, 0.9700000286102295, 0.9779999852180481, 0.9829999804496765, 0.984000027179718, 0.984000027179718, 0.9829999804496765, 0.9909999966621399, 1.003999948501587, 1.0080000162124634, 1.0099999904632568, 1.0210000276565552, 1.0210000276565552, 1.0269999504089355, 1.027999997138977, 1.031999945640564]
intensities: [509.0, 518.0, 515.0, 524.0, 518.0, 518.0, 518.0, 531.0, 538.0, 517.0, 523.0, 520.0, 578.0, 581.0, 618.0, 668.0, 790.0, 881.0, 920.0, 920.0, 949.0, 978.0, 1076.0, 1120.0, 1112.0, 1143.0, 1181.0, 1180.0, 1187.0, 1201.0, 1211.0, 1265.0, 1265.0, 1249.0, 1282.0, 1332.0, 1350.0, 1374.0, 1371.0, 1371.0, 1387.0, 1383.0, 1384.0, 1382.0, 1382.0, 1382.0, 1376.0, 1382.0, 1388.0, 1401.0, 1405.0, 1393.0, 1387.0, 1379.0, 1366.0, 1353.0, 1250.0, 1189.0, 1140.0, 1144.0, 1075.0, 1074.0, 932.0, 747.0, 794.0, 960.0, 999.0, 1077.0, 1074.0, 1079.0, 1092.0, 1113.0, 1115.0, 1097.0, 1113.0, 1098.0, 1098.0, 1102.0, 1097.0, 1093.0, 1118.0, 1118.0, 1127.0, 1154.0, 1190.0, 1211.0, 1232.0, 1275.0, 1293.0, 1296.0, 1286.0, 1285.0, 1323.0, 1298.0, 1295.0, 1307.0, 1280.0, 1311.0, 1301.0, 1303.0, 1307.0, 1271.0, 1288.0, 1270.0, 1268.0, 1256.0, 1263.0, 1255.0, 1249.0, 1238.0, 1237.0, 1224.0, 1243.0, 1232.0, 1263.0, 1289.0, 1298.0, 1303.0, 1319.0, 1152.0, 882.0, 456.0, 413.0, 383.0, 374.0, 413.0, 419.0, 749.0, 838.0, 813.0, 813.0, 807.0, 802.0, 802.0, 798.0, 795.0, 788.0, 788.0, 787.0, 783.0, 810.0, 796.0, 787.0, 785.0, 775.0, 783.0, 781.0, 786.0, 783.0, 776.0, 771.0, 763.0, 757.0, 757.0, 770.0, 776.0, 795.0, 788.0, 798.0, 789.0, 798.0, 807.0, 798.0, 768.0, 747.0, 783.0, 766.0, 734.0, 734.0, 697.0, 697.0, 694.0, 690.0, 690.0, 686.0, 688.0, 713.0, 740.0, 754.0, 741.0, 732.0, 702.0, 685.0, 666.0, 649.0, 638.0, 567.0, 539.0, 501.0, 501.0, 0.0, 0.0, 0.0, 631.0, 654.0, 610.0, 567.0, 696.0, 749.0, 776.0, 785.0, 785.0, 781.0, 786.0, 785.0, 770.0, 770.0, 768.0, 771.0, 771.0, 758.0, 760.0, 758.0, 758.0, 753.0, 749.0, 743.0, 733.0, 734.0, 722.0, 722.0, 709.0, 717.0, 727.0, 716.0, 702.0, 688.0, 684.0, 680.0, 681.0, 667.0, 655.0, 641.0, 642.0, 643.0, 630.0, 617.0, 605.0, 609.0, 605.0, 600.0, 590.0, 594.0, 590.0, 582.0, 584.0, 581.0, 578.0, 551.0, 558.0, 561.0, 558.0, 549.0, 537.0, 533.0, 529.0, 540.0, 514.0, 527.0, 510.0, 509.0, 510.0, 502.0, 502.0, 501.0, 486.0, 473.0, 477.0, 477.0, 471.0, 471.0, 456.0, 467.0, 446.0, 434.0, 428.0, 422.0, 421.0, 412.0, 411.0, 414.0, 376.0, 367.0, 366.0, 356.0, 352.0, 330.0, 322.0, 315.0, 340.0, 308.0, 312.0, 302.0, 362.0, 422.0, 503.0, 502.0, 519.0, 533.0, 529.0, 529.0, 527.0, 479.0, 487.0, 486.0, 475.0, 493.0, 500.0, 502.0, 504.0, 526.0, 542.0, 577.0, 616.0, 649.0, 804.0, 1085.0, 1094.0, 1107.0, 1140.0, 1133.0, 1118.0, 1118.0, 1126.0, 1130.0, 1133.0, 1146.0, 1100.0, 1122.0, 1128.0, 1139.0, 1158.0, 1149.0, 1148.0, 1153.0, 1153.0, 1137.0, 1152.0, 1144.0, 1141.0, 1141.0, 1131.0, 1113.0, 1122.0, 1132.0, 1132.0, 1137.0, 1143.0, 1140.0, 1126.0, 1136.0, 1124.0, 1129.0, 1133.0, 1128.0, 1124.0, 1115.0, 1115.0, 1127.0, 1134.0, 1130.0, 1130.0, 1129.0, 1126.0, 1115.0, 1118.0, 1121.0, 1106.0, 1113.0, 1113.0, 1104.0, 1104.0, 1108.0, 1119.0, 1114.0, 1117.0, 1112.0, 1108.0, 1077.0, 1088.0, 1102.0, 1105.0, 1101.0, 1099.0, 1096.0, 1097.0, 1098.0, 1093.0, 1093.0, 1109.0, 1090.0, 1095.0, 1100.0, 1091.0, 1078.0, 1090.0, 1095.0, 1088.0, 1084.0, 1081.0, 1092.0, 1089.0, 1094.0, 1092.0, 1105.0, 1099.0, 1091.0, 1088.0, 1091.0, 1101.0, 1101.0, 1084.0, 1095.0, 1088.0, 1094.0, 1097.0, 1105.0, 1101.0, 1094.0, 1096.0, 1102.0, 1096.0, 1100.0, 1108.0, 1091.0, 1103.0, 1108.0, 1096.0, 1102.0, 1093.0, 1084.0, 1089.0, 1095.0, 1090.0, 1088.0, 1092.0, 1086.0, 1083.0, 1075.0, 1079.0, 1085.0, 1082.0, 1074.0, 1091.0, 1081.0, 1069.0, 1069.0, 1077.0, 1071.0, 1078.0, 1090.0, 1089.0, 1102.0, 1091.0, 1092.0, 1077.0, 1061.0, 1045.0, 935.0, 862.0, 889.0, 1027.0, 1045.0, 1078.0, 1099.0, 1097.0, 1100.0, 1093.0, 1098.0, 1111.0, 1105.0, 1116.0, 1099.0, 1092.0, 1106.0, 1112.0, 1099.0, 1097.0, 1109.0, 1128.0, 1316.0, 1416.0, 1395.0, 1297.0, 1246.0, 1128.0, 1145.0, 1319.0, 1347.0, 1363.0, 1461.0, 1497.0, 1592.0, 1694.0, 1692.0, 1725.0, 1653.0, 1461.0, 1536.0, 1577.0, 1577.0, 1502.0, 1459.0, 1609.0, 1564.0, 1685.0, 1717.0, 1918.0, 1932.0, 1932.0, 1809.0, 1652.0, 1609.0, 1637.0, 1673.0, 1693.0, 1707.0, 1600.0, 1391.0, 1385.0, 1382.0, 1399.0, 1399.0, 1453.0, 1487.0, 1434.0, 1359.0, 1337.0, 1275.0, 1296.0, 1200.0, 1182.0, 1112.0, 1143.0, 1209.0, 1218.0, 1346.0, 1409.0, 1432.0, 1485.0, 1515.0, 1569.0, 1439.0, 1493.0, 1483.0, 1490.0, 1468.0, 1471.0, 1424.0, 1415.0, 1405.0, 1416.0, 1426.0, 1403.0, 1374.0, 1349.0, 1430.0, 1680.0, 1918.0, 1986.0, 2032.0, 2026.0, 1943.0, 1960.0, 1943.0, 1733.0, 1688.0, 1527.0, 1499.0, 1512.0, 1511.0, 1587.0, 1611.0, 1752.0, 1810.0, 1805.0, 1976.0, 1963.0, 2049.0, 1989.0, 1812.0, 1836.0, 1773.0, 1766.0, 1684.0, 1693.0, 1761.0, 1775.0, 1775.0, 1822.0, 1814.0, 1807.0, 1797.0, 1802.0, 1797.0, 1795.0, 1804.0, 1804.0, 1853.0, 1766.0, 1819.0, 1679.0, 1610.0, 1610.0, 1566.0, 1576.0, 1575.0, 1601.0, 1658.0, 1624.0, 1591.0, 1556.0, 1489.0, 1461.0, 1449.0, 1445.0, 1453.0, 1447.0, 1435.0, 1415.0, 1406.0, 1405.0, 1360.0, 1340.0, 1254.0, 1227.0, 1201.0, 1169.0, 1138.0, 1088.0, 1089.0, 1094.0, 1099.0, 1101.0, 1126.0, 1101.0, 1473.0, 1363.0, 489.0, 953.0, 969.0, 963.0, 967.0, 977.0, 984.0, 979.0, 979.0, 979.0, 972.0, 972.0, 984.0, 973.0, 973.0, 973.0, 971.0, 991.0, 1000.0, 969.0, 982.0, 982.0, 977.0, 972.0, 961.0, 889.0, 861.0, 860.0, 856.0, 735.0, 621.0, 536.0, 462.0, 472.0, 524.0, 539.0, 532.0, 533.0, 534.0, 554.0, 528.0, 529.0, 522.0, 525.0, 529.0, 511.0, 528.0, 523.0, 532.0, 524.0, 533.0, 526.0, 524.0, 522.0, 515.0, 516.0, 527.0, 525.0, 518.0, 515.0, 534.0, 537.0, 554.0, 586.0, 602.0, 563.0, 502.0, 311.0, 0.0, 0.0, 0.0, 0.0, 0.0, 0.0, 0.0, 0.0, 0.0, 0.0, 0.0, 0.0, 0.0, 0.0, 0.0, 0.0, 0.0, 0.0, 0.0, 0.0, 0.0, 0.0, 0.0, 732.0, 732.0, 809.0, 865.0, 878.0, 884.0, 887.0, 878.0, 874.0, 867.0, 873.0, 873.0, 869.0, 872.0, 867.0, 884.0, 871.0, 867.0, 866.0, 869.0, 865.0, 869.0, 864.0, 868.0, 872.0, 856.0, 861.0, 860.0, 859.0, 862.0, 864.0, 842.0, 854.0, 740.0, 740.0, 0.0, 0.0, 0.0, 0.0, 0.0, 0.0, 0.0, 0.0, 0.0, 0.0, 0.0, 0.0, 0.0, 0.0, 0.0, 0.0, 0.0, 0.0, 0.0, 0.0, 0.0, 0.0, 0.0, 775.0, 792.0, 809.0, 817.0, 811.0, 812.0, 812.0, 813.0, 812.0, 811.0, 805.0, 812.0, 809.0, 807.0, 797.0, 794.0, 791.0, 792.0, 788.0, 819.0, 815.0, 807.0, 793.0, 573.0, 568.0, 544.0, 525.0, 513.0, 526.0, 523.0, 524.0, 520.0, 509.0, 506.0, 525.0, 517.0, 519.0, 521.0, 553.0, 541.0, 474.0, 831.0, 611.0, 581.0, 579.0, 568.0, 496.0, 599.0, 690.0, 781.0, 822.0, 833.0, 842.0, 843.0, 836.0, 835.0, 166.0, 666.0, 679.0, 693.0, 693.0, 691.0, 690.0, 659.0, 650.0, 622.0, 612.0, 605.0, 742.0, 880.0, 911.0, 895.0, 877.0, 887.0, 871.0, 856.0, 852.0, 848.0, 864.0, 855.0, 844.0, 837.0, 842.0, 834.0, 848.0, 838.0, 828.0, 831.0, 808.0, 797.0, 787.0, 772.0, 756.0, 742.0, 739.0, 919.0, 596.0, 653.0, 734.0, 893.0, 877.0, 898.0, 879.0, 855.0, 833.0, 825.0, 941.0, 901.0, 967.0, 985.0, 981.0, 977.0, 992.0, 1000.0, 1000.0, 1003.0, 980.0, 1002.0, 1031.0, 1015.0, 1041.0, 1006.0, 1007.0, 857.0, 837.0, 849.0, 1070.0, 999.0, 911.0, 908.0, 902.0, 907.0, 911.0, 908.0, 911.0, 932.0, 924.0, 936.0, 937.0, 923.0, 933.0, 937.0, 934.0, 929.0, 922.0, 922.0, 941.0, 925.0, 925.0, 935.0, 933.0, 924.0, 894.0, 911.0, 883.0, 882.0, 884.0, 890.0, 880.0, 927.0, 924.0, 924.0, 918.0, 920.0, 923.0, 926.0, 928.0, 927.0, 904.0, 892.0, 905.0, 931.0, 925.0, 923.0, 926.0, 917.0, 917.0, 896.0, 490.0, 488.0, 471.0, 481.0, 1075.0, 1075.0, 918.0, 914.0, 915.0, 918.0, 920.0, 919.0, 1107.0, 1113.0, 1122.0, 986.0, 944.0, 936.0, 961.0, 938.0, 1134.0, 1006.0, 996.0, 1047.0, 1058.0, 987.0, 966.0, 1278.0, 1369.0, 818.0, 818.0, 1334.0, 1063.0, 1106.0, 1110.0, 1129.0, 1138.0, 1137.0, 1130.0, 1303.0, 945.0, 968.0, 1041.0, 1041.0, 951.0, 891.0, 926.0, 974.0, 1168.0, 1306.0, 1314.0, 1307.0, 1314.0, 1314.0, 1313.0, 1314.0, 1296.0, 1296.0, 1308.0, 1309.0, 1316.0, 1305.0, 1314.0, 1308.0, 1308.0, 1308.0, 1290.0, 1297.0, 1302.0, 1301.0, 1286.0, 1301.0, 1300.0, 1299.0, 1300.0, 1292.0, 1288.0, 1292.0, 1281.0, 1290.0, 1293.0, 1281.0, 1295.0, 1297.0, 1302.0, 1300.0, 1303.0, 1315.0, 1310.0, 1303.0, 1308.0, 1307.0, 1312.0, 1302.0, 1294.0, 1291.0, 1291.0, 1294.0, 1298.0, 1269.0, 1268.0, 1266.0, 1272.0, 1267.0, 1251.0, 1245.0, 1230.0, 1254.0, 1236.0, 1242.0, 1241.0, 1253.0, 1220.0, 1228.0, 1234.0, 1231.0]