header: 
  seq: 226
  stamp: 
    secs: 1545151122
    nsecs: 964701154
  frame_id: "base_link"
angle_min: -2.35619449615
angle_max: 2.35619449615
angle_increment: 0.00436332309619
time_increment: 1.73611151695e-05
scan_time: 0.0250000003725
range_min: 0.019999999553
range_max: 30.0
ranges: [0.14800000190734863, 0.12399999797344208, 0.12399999797344208, 0.1340000033378601, 0.15800000727176666, 0.1509999930858612, 0.16899999976158142, 0.19099999964237213, 0.20399999618530273, 0.23100000619888306, 0.25200000405311584, 0.2529999911785126, 0.289000004529953, 0.32499998807907104, 0.37700000405311584, 0.46000000834465027, 0.4740000069141388, 0.5339999794960022, 0.5339999794960022, 0.5509999990463257, 0.5699999928474426, 0.5730000138282776, 0.5730000138282776, 0.5720000267028809, 0.5669999718666077, 0.5669999718666077, 0.5699999928474426, 0.5699999928474426, 0.574999988079071, 0.5789999961853027, 0.5799999833106995, 0.5809999704360962, 0.5839999914169312, 0.5920000076293945, 0.5920000076293945, 0.5929999947547913, 0.6029999852180481, 0.6050000190734863, 0.6019999980926514, 0.6019999980926514, 0.6060000061988831, 0.6060000061988831, 0.6100000143051147, 0.6100000143051147, 0.6100000143051147, 0.6169999837875366, 0.6140000224113464, 0.6200000047683716, 0.621999979019165, 0.625, 0.628000020980835, 0.6320000290870667, 0.6349999904632568, 0.6299999952316284, 0.6349999904632568, 0.6340000033378601, 0.6269999742507935, 0.6119999885559082, 0.574999988079071, 0.5239999890327454, 0.460999995470047, 0.4189999997615814, 0.33500000834465027, 0.25, 0.30300000309944153, 0.3659999966621399, 0.4000000059604645, 0.43700000643730164, 0.47999998927116394, 0.5680000185966492, 0.6460000276565552, 0.6600000262260437, 0.675000011920929, 0.6819999814033508, 0.6899999976158142, 0.699999988079071, 0.7049999833106995, 0.7049999833106995, 0.7110000252723694, 0.7120000123977661, 0.7110000252723694, 0.7120000123977661, 0.7129999995231628, 0.7179999947547913, 0.7239999771118164, 0.7229999899864197, 0.7329999804496765, 0.7350000143051147, 0.7419999837875366, 0.7409999966621399, 0.7540000081062317, 0.7580000162124634, 0.7590000033378601, 0.7590000033378601, 0.7630000114440918, 0.7720000147819519, 0.7739999890327454, 0.7710000276565552, 0.7760000228881836, 0.7829999923706055, 0.7900000214576721, 0.8009999990463257, 0.8009999990463257, 0.8019999861717224, 0.8050000071525574, 0.8059999942779541, 0.8080000281333923, 0.8190000057220459, 0.8289999961853027, 0.828000009059906, 0.8289999961853027, 0.8299999833106995, 0.8429999947547913, 0.8460000157356262, 0.8579999804496765, 0.859000027179718, 0.8669999837875366, 0.8690000176429749, 0.8690000176429749, 0.8690000176429749, 0.875, 0.8550000190734863, 0.8429999947547913, 0.8450000286102295, 0.847000002861023, 0.8569999933242798, 0.8809999823570251, 0.902999997138977, 0.9070000052452087, 0.906000018119812, 0.9010000228881836, 0.890999972820282, 0.8820000290870667, 0.8820000290870667, 0.8920000195503235, 0.906000018119812, 0.9049999713897705, 0.9079999923706055, 0.9079999923706055, 0.9070000052452087, 0.9179999828338623, 0.9290000200271606, 0.9229999780654907, 0.9179999828338623, 0.9129999876022339, 0.9110000133514404, 0.9269999861717224, 0.9179999828338623, 0.9179999828338623, 0.925000011920929, 0.9200000166893005, 0.9309999942779541, 0.921999990940094, 0.921999990940094, 0.9549999833106995, 0.9539999961853027, 0.9710000157356262, 0.9610000252723694, 0.972000002861023, 0.9670000076293945, 0.9670000076293945, 0.9670000076293945, 0.9490000009536743, 0.9549999833106995, 0.9470000267028809, 0.9639999866485596, 0.9649999737739563, 0.9670000076293945, 0.9380000233650208, 0.9440000057220459, 0.9459999799728394, 0.9470000267028809, 0.9440000057220459, 0.9409999847412109, 0.9570000171661377, 0.9599999785423279, 0.9769999980926514, 0.9900000095367432, 0.9900000095367432, 0.9940000176429749, 1.0049999952316284, 0.9950000047683716, 0.9950000047683716, 0.9990000128746033, 0.984000027179718, 0.9729999899864197, 0.9700000286102295, 0.9670000076293945, 0.9670000076293945, 65.53299713134766, 65.53299713134766, 65.53299713134766, 65.53299713134766, 0.41100001335144043, 0.41100001335144043, 0.414000004529953, 0.41499999165534973, 0.460999995470047, 0.44600000977516174, 0.4569999873638153, 0.45399999618530273, 0.45100000500679016, 0.4519999921321869, 0.4580000042915344, 0.4580000042915344, 0.453000009059906, 0.4519999921321869, 0.4569999873638153, 0.46700000762939453, 0.47200000286102295, 0.4749999940395355, 0.4729999899864197, 0.47200000286102295, 0.47200000286102295, 0.4740000069141388, 0.4830000102519989, 0.47600001096725464, 0.47600001096725464, 0.47699999809265137, 0.4830000102519989, 0.4830000102519989, 0.4830000102519989, 0.492000013589859, 0.5019999742507935, 0.5059999823570251, 0.4959999918937683, 0.48899999260902405, 0.4950000047683716, 0.49799999594688416, 0.49799999594688416, 0.4970000088214874, 0.5009999871253967, 0.5109999775886536, 0.5109999775886536, 0.5049999952316284, 0.5059999823570251, 0.5059999823570251, 0.5170000195503235, 0.5180000066757202, 0.5249999761581421, 0.5249999761581421, 0.5289999842643738, 0.5320000052452087, 0.5360000133514404, 0.5350000262260437, 0.5509999990463257, 0.5509999990463257, 0.5540000200271606, 0.5580000281333923, 0.5659999847412109, 0.5669999718666077, 0.5649999976158142, 0.5690000057220459, 0.5770000219345093, 0.5860000252723694, 0.5860000252723694, 0.5889999866485596, 0.5899999737739563, 0.5929999947547913, 0.597000002861023, 0.5989999771118164, 0.6060000061988831, 0.6050000190734863, 0.6169999837875366, 0.625, 0.6269999742507935, 0.6259999871253967, 0.6430000066757202, 0.6309999823570251, 0.6330000162124634, 0.6340000033378601, 0.640999972820282, 0.6470000147819519, 0.6570000052452087, 0.6600000262260437, 0.6679999828338623, 0.6679999828338623, 0.671999990940094, 0.671999990940094, 0.6769999861717224, 0.6959999799728394, 0.6949999928474426, 0.6919999718666077, 0.7129999995231628, 0.7329999804496765, 0.7400000095367432, 0.7400000095367432, 0.7379999756813049, 0.7509999871253967, 0.7710000276565552, 0.7549999952316284, 0.8090000152587891, 0.8270000219345093, 0.9319999814033508, 0.9319999814033508, 0.9739999771118164, 1.190999984741211, 1.190999984741211, 1.2139999866485596, 1.2400000095367432, 1.2400000095367432, 1.2760000228881836, 1.281999945640564, 1.2990000247955322, 1.3209999799728394, 1.3300000429153442, 1.3270000219345093, 1.3259999752044678, 1.3279999494552612, 1.315999984741211, 1.2990000247955322, 1.2359999418258667, 1.215000033378601, 1.1710000038146973, 1.1059999465942383, 1.1469999551773071, 1.1959999799728394, 1.1950000524520874, 1.2009999752044678, 1.1970000267028809, 1.2009999752044678, 1.2009999752044678, 1.2139999866485596, 1.2100000381469727, 1.2059999704360962, 1.2120000123977661, 1.2139999866485596, 1.2139999866485596, 1.2139999866485596, 1.2109999656677246, 1.215999960899353, 1.215999960899353, 1.218999981880188, 1.2200000286102295, 1.222000002861023, 1.222000002861023, 1.2309999465942383, 1.2350000143051147, 1.2319999933242798, 1.2300000190734863, 1.2380000352859497, 1.2339999675750732, 1.2339999675750732, 1.2339999675750732, 1.2369999885559082, 1.2300000190734863, 1.2300000190734863, 1.246999979019165, 1.25, 1.2510000467300415, 1.253999948501587, 1.2649999856948853, 1.2619999647140503, 1.2599999904632568, 1.2580000162124634, 1.2640000581741333, 1.2690000534057617, 1.2669999599456787, 1.2649999856948853, 1.2740000486373901, 1.2740000486373901, 1.277999997138977, 1.2860000133514404, 1.2879999876022339, 1.2920000553131104, 1.2929999828338623, 1.2940000295639038, 1.3029999732971191, 1.3029999732971191, 1.3040000200271606, 1.3070000410079956, 1.3109999895095825, 1.315999984741211, 1.3179999589920044, 1.3209999799728394, 1.3250000476837158, 1.3289999961853027, 1.3279999494552612, 1.3300000429153442, 1.340000033378601, 1.340000033378601, 1.340000033378601, 1.3420000076293945, 1.3489999771118164, 1.3539999723434448, 1.3559999465942383, 1.3609999418258667, 1.3609999418258667, 1.3650000095367432, 1.3669999837875366, 1.3769999742507935, 1.38100004196167, 1.3869999647140503, 1.3869999647140503, 1.3910000324249268, 1.4049999713897705, 1.4049999713897705, 1.4019999504089355, 1.4040000438690186, 1.4129999876022339, 1.4199999570846558, 1.4279999732971191, 1.430999994277954, 1.4320000410079956, 1.437000036239624, 1.444000005722046, 1.4509999752044678, 1.4509999752044678, 1.4579999446868896, 1.4700000286102295, 1.4670000076293945, 1.472000002861023, 1.475000023841858, 1.4819999933242798, 1.4880000352859497, 1.4989999532699585, 1.5069999694824219, 1.5130000114440918, 1.5149999856948853, 1.5180000066757202, 1.5210000276565552, 1.5299999713897705, 1.5369999408721924, 1.5479999780654907, 1.5470000505447388, 1.5490000247955322, 1.5509999990463257, 1.565000057220459, 1.5720000267028809, 1.5779999494552612, 1.5779999494552612, 1.5789999961853027, 1.5870000123977661, 1.5950000286102295, 1.6109999418258667, 1.6200000047683716, 1.6239999532699585, 1.6380000114440918, 1.6399999856948853, 1.6480000019073486, 1.656000018119812, 1.6619999408721924, 1.6649999618530273, 1.680999994277954, 1.687999963760376, 1.690000057220459, 1.6979999542236328, 1.7050000429153442, 1.7209999561309814, 1.725000023841858, 1.7269999980926514, 1.7489999532699585, 1.7569999694824219, 1.753999948501587, 1.7690000534057617, 1.7829999923706055, 1.7990000247955322, 1.7999999523162842, 1.7929999828338623, 1.7860000133514404, 1.7730000019073486, 1.7879999876022339, 1.7730000019073486, 1.774999976158142, 1.7660000324249268, 1.7690000534057617, 1.7640000581741333, 1.753999948501587, 1.7419999837875366, 1.7330000400543213, 1.7289999723434448, 1.7209999561309814, 1.7200000286102295, 1.7089999914169312, 1.7089999914169312, 1.7059999704360962, 1.7020000219345093, 1.684999942779541, 1.680999994277954, 1.659000039100647, 1.194000005722046, 0.9210000038146973, 0.8809999823570251, 0.8539999723434448, 0.8399999737739563, 0.8059999942779541, 0.7990000247955322, 0.8019999861717224, 0.7950000166893005, 0.7919999957084656, 0.7900000214576721, 0.7829999923706055, 0.7829999923706055, 0.7860000133514404, 0.7829999923706055, 0.777999997138977, 0.7730000019073486, 0.7630000114440918, 0.7580000162124634, 0.7509999871253967, 0.7480000257492065, 0.7289999723434448, 0.7099999785423279, 0.7089999914169312, 0.7020000219345093, 0.7020000219345093, 0.7129999995231628, 0.7149999737739563, 0.718999981880188, 0.7200000286102295, 0.7250000238418579, 0.7229999899864197, 0.7149999737739563, 0.703000009059906, 0.703000009059906, 0.703000009059906, 0.699999988079071, 0.699999988079071, 0.7020000219345093, 0.6930000185966492, 0.6940000057220459, 0.6930000185966492, 0.6930000185966492, 0.6919999718666077, 0.6899999976158142, 0.6899999976158142, 0.6840000152587891, 0.6679999828338623, 0.6579999923706055, 0.6549999713897705, 0.6460000276565552, 0.640999972820282, 0.6349999904632568, 0.6470000147819519, 0.6499999761581421, 0.6389999985694885, 0.6520000100135803, 0.652999997138977, 0.6620000004768372, 0.6620000004768372, 0.6579999923706055, 0.6589999794960022, 0.6460000276565552, 0.6449999809265137, 0.6389999985694885, 0.6290000081062317, 0.6299999952316284, 0.6290000081062317, 0.6200000047683716, 0.6179999709129333, 0.6259999871253967, 0.6259999871253967, 0.6269999742507935, 0.6200000047683716, 0.6119999885559082, 0.6079999804496765, 0.5899999737739563, 0.5569999814033508, 0.5540000200271606, 0.550000011920929, 0.5440000295639038, 0.5389999747276306, 0.5320000052452087, 0.5360000133514404, 0.5429999828338623, 0.5540000200271606, 0.5569999814033508, 0.5509999990463257, 0.5569999814033508, 0.5550000071525574, 0.5540000200271606, 0.5479999780654907, 0.5419999957084656, 0.5389999747276306, 0.5389999747276306, 0.550000011920929, 0.5550000071525574, 0.5630000233650208, 0.5580000281333923, 0.5580000281333923, 0.5580000281333923, 0.5580000281333923, 0.5590000152587891, 0.550000011920929, 0.5460000038146973, 0.5460000038146973, 0.5460000038146973, 0.5429999828338623, 0.5379999876022339, 0.5379999876022339, 0.5389999747276306, 0.5389999747276306, 0.5379999876022339, 0.5350000262260437, 0.5350000262260437, 0.5360000133514404, 0.5370000004768372, 0.5400000214576721, 0.5400000214576721, 0.5389999747276306, 0.5379999876022339, 0.5410000085830688, 0.5419999957084656, 0.5410000085830688, 0.5389999747276306, 0.5339999794960022, 0.5350000262260437, 0.5370000004768372, 0.5329999923706055, 0.5329999923706055, 0.5329999923706055, 0.5379999876022339, 0.5419999957084656, 0.5419999957084656, 0.5400000214576721, 0.5419999957084656, 0.5460000038146973, 0.5519999861717224, 0.5569999814033508, 0.5580000281333923, 0.5580000281333923, 0.5580000281333923, 0.5630000233650208, 0.5590000152587891, 0.5590000152587891, 0.5540000200271606, 0.5540000200271606, 0.5619999766349792, 0.5590000152587891, 0.5600000023841858, 0.5649999976158142, 0.5699999928474426, 0.5669999718666077, 0.5690000057220459, 0.5690000057220459, 0.5830000042915344, 0.6499999761581421, 0.7239999771118164, 0.6110000014305115, 3.2209999561309814, 3.2320001125335693, 3.239000082015991, 3.240000009536743, 3.240000009536743, 3.236999988555908, 3.240999937057495, 3.247999906539917, 3.253000020980835, 3.255000114440918, 3.255000114440918, 3.250999927520752, 3.252000093460083, 3.252000093460083, 3.252000093460083, 3.259999990463257, 3.2699999809265137, 3.2699999809265137, 3.2750000953674316, 3.2730000019073486, 3.2739999294281006, 3.2820000648498535, 3.2820000648498535, 3.2669999599456787, 3.2039999961853027, 3.1089999675750732, 3.0969998836517334, 3.0950000286102295, 3.1649999618530273, 3.3310000896453857, 3.3610000610351562, 11.034000396728516, 11.034000396728516, 11.081000328063965, 11.074999809265137, 11.10099983215332, 11.121000289916992, 11.12600040435791, 11.137999534606934, 11.157999992370605, 11.168999671936035, 11.192000389099121, 11.210000038146973, 11.206000328063965, 11.21500015258789, 11.244000434875488, 11.25100040435791, 11.267999649047852, 11.28499984741211, 11.300999641418457, 11.329999923706055, 11.342000007629395, 11.371999740600586, 11.378000259399414, 11.383000373840332, 11.402999877929688, 11.432000160217285, 11.451000213623047, 11.458000183105469, 11.456000328063965, 11.425999641418457, 11.317999839782715, 11.256999969482422, 11.255000114440918, 11.258000373840332, 11.27400016784668, 11.291000366210938, 65.53299713134766, 65.53299713134766, 65.53299713134766, 65.53299713134766, 65.53299713134766, 65.53299713134766, 65.53299713134766, 65.53299713134766, 65.53299713134766, 65.53299713134766, 65.53299713134766, 65.53299713134766, 65.53299713134766, 65.53299713134766, 65.53299713134766, 65.53299713134766, 65.53299713134766, 65.53299713134766, 65.53299713134766, 65.53299713134766, 65.53299713134766, 65.53299713134766, 65.53299713134766, 3.934000015258789, 3.934000015258789, 3.9179999828338623, 3.9119999408721924, 3.9130001068115234, 3.9130001068115234, 3.9200000762939453, 3.934000015258789, 3.941999912261963, 3.9639999866485596, 3.9679999351501465, 3.9790000915527344, 3.990999937057495, 4.004000186920166, 4.010000228881836, 4.011000156402588, 4.03000020980835, 4.039000034332275, 4.054999828338623, 4.077000141143799, 4.078000068664551, 4.105000019073486, 4.107999801635742, 4.120999813079834, 4.133999824523926, 4.138999938964844, 4.1579999923706055, 4.172999858856201, 4.184000015258789, 4.190000057220459, 4.208000183105469, 4.2210001945495605, 4.22599983215332, 4.197999954223633, 4.197999954223633, 65.53299713134766, 65.53299713134766, 65.53299713134766, 65.53299713134766, 65.53299713134766, 65.53299713134766, 65.53299713134766, 65.53299713134766, 65.53299713134766, 65.53299713134766, 65.53299713134766, 65.53299713134766, 65.53299713134766, 65.53299713134766, 65.53299713134766, 65.53299713134766, 65.53299713134766, 65.53299713134766, 65.53299713134766, 65.53299713134766, 65.53299713134766, 65.53299713134766, 65.53299713134766, 4.677999973297119, 4.706999778747559, 4.706999778747559, 4.72599983215332, 4.748000144958496, 4.771999835968018, 4.789999961853027, 4.808000087738037, 4.828999996185303, 4.84499979019165, 4.863999843597412, 4.89900016784668, 4.916999816894531, 4.939000129699707, 4.952000141143799, 4.980000019073486, 5.006999969482422, 5.0269999504089355, 5.052999973297119, 5.060999870300293, 5.050000190734863, 5.034999847412109, 5.004000186920166, 3.4030001163482666, 3.4019999504089355, 3.430999994277954, 3.438999891281128, 3.4660000801086426, 3.48799991607666, 3.503999948501587, 3.51200008392334, 3.5290000438690186, 3.552000045776367, 3.575000047683716, 3.6059999465942383, 3.6010000705718994, 3.630000114440918, 3.6670000553131104, 3.680000066757202, 3.690000057220459, 3.6679999828338623, 4.668000221252441, 4.645999908447266, 4.638999938964844, 4.627999782562256, 4.598999977111816, 4.361000061035156, 4.370999813079834, 4.502999782562256, 4.570000171661377, 4.566999912261963, 4.551000118255615, 4.5269999504089355, 4.519999980926514, 4.50600004196167, 4.495999813079834, 3.0299999713897705, 3.003000020980835, 2.9860000610351562, 2.9769999980926514, 2.984999895095825, 2.997999906539917, 3.009000062942505, 3.0350000858306885, 3.0369999408721924, 3.0290000438690186, 3.0299999713897705, 3.072999954223633, 3.1389999389648438, 3.2070000171661377, 3.2309999465942383, 3.259000062942505, 3.2750000953674316, 3.2869999408721924, 3.322000026702881, 3.3369998931884766, 3.3610000610351562, 3.4010000228881836, 3.431999921798706, 3.4539999961853027, 3.4679999351501465, 3.499000072479248, 3.5439999103546143, 3.555000066757202, 3.5899999141693115, 3.630000114440918, 3.6570000648498535, 3.690000057220459, 3.7190001010894775, 3.744999885559082, 3.7829999923706055, 3.799999952316284, 3.8320000171661377, 3.864000082015991, 3.880000114440918, 3.5, 3.0759999752044678, 3.0889999866485596, 3.069999933242798, 3.118000030517578, 3.0929999351501465, 3.0889999866485596, 3.0850000381469727, 3.055999994277954, 3.0439999103546143, 3.0390000343322754, 3.075000047683716, 3.068000078201294, 3.0859999656677246, 3.0820000171661377, 3.069999933242798, 3.065000057220459, 3.052999973297119, 3.053999900817871, 3.0480000972747803, 3.0420000553131104, 3.0409998893737793, 3.052000045776367, 3.0490000247955322, 3.0429999828338623, 3.0420000553131104, 3.0290000438690186, 3.003999948501587, 2.938999891281128, 2.924999952316284, 2.9630000591278076, 3.2090001106262207, 3.8519999980926514, 3.88100004196167, 3.890000104904175, 3.8889999389648438, 3.888000011444092, 3.865000009536743, 3.864000082015991, 3.8540000915527344, 3.8529999256134033, 3.8489999771118164, 3.8440001010894775, 3.8399999141693115, 3.8380000591278076, 3.821000099182129, 3.822999954223633, 3.821000099182129, 3.819000005722046, 3.815000057220459, 3.818000078201294, 3.815000057220459, 3.809000015258789, 3.799999952316284, 3.7960000038146973, 3.7960000038146973, 3.7950000762939453, 3.7730000019073486, 3.7639999389648438, 3.739000082015991, 3.7239999771118164, 3.7179999351501465, 3.7309999465942383, 3.7660000324249268, 3.765000104904175, 3.763000011444092, 3.7639999389648438, 3.750999927520752, 3.753000020980835, 3.759999990463257, 3.760999917984009, 3.759000062942505, 3.756999969482422, 3.759999990463257, 3.76200008392334, 3.759000062942505, 3.759000062942505, 3.75600004196167, 3.740999937057495, 3.740999937057495, 3.74399995803833, 3.73799991607666, 3.697000026702881, 3.2860000133514404, 3.2309999465942383, 3.193000078201294, 3.171999931335449, 3.3340001106262207, 3.3340001106262207, 3.7179999351501465, 3.7239999771118164, 3.7320001125335693, 3.7320001125335693, 3.7239999771118164, 3.7149999141693115, 3.427000045776367, 3.2320001125335693, 3.243000030517578, 3.382999897003174, 3.3949999809265137, 3.384000062942505, 3.368000030517578, 3.318000078201294, 2.315000057220459, 2.2309999465942383, 2.2239999771118164, 2.2230000495910645, 2.2249999046325684, 2.2290000915527344, 2.243000030517578, 2.368000030517578, 2.6549999713897705, 3.7149999141693115, 3.694999933242798, 2.065000057220459, 1.9559999704360962, 1.9329999685287476, 1.8990000486373901, 1.88100004196167, 1.8799999952316284, 1.8799999952316284, 1.8600000143051147, 1.0269999504089355, 0.8960000276565552, 0.8679999709129333, 0.8669999837875366, 0.8629999756813049, 0.8579999804496765, 0.8809999823570251, 0.8679999709129333, 0.871999979019165, 0.8640000224113464, 0.8619999885559082, 0.8730000257492065, 0.8730000257492065, 0.8730000257492065, 0.8769999742507935, 0.8799999952316284, 0.878000020980835, 0.8769999742507935, 0.8840000033378601, 0.8809999823570251, 0.8809999823570251, 0.8849999904632568, 0.8949999809265137, 0.8930000066757202, 0.8889999985694885, 0.8920000195503235, 0.8970000147819519, 0.9020000100135803, 0.8980000019073486, 0.8999999761581421, 0.9049999713897705, 0.9039999842643738, 0.9100000262260437, 0.9070000052452087, 0.906000018119812, 0.9089999794960022, 0.9100000262260437, 0.9160000085830688, 0.9169999957084656, 0.9139999747276306, 0.9120000004768372, 0.9150000214576721, 0.9160000085830688, 0.9190000295639038, 0.9190000295639038, 0.9190000295639038, 0.9079999923706055, 0.9079999923706055, 0.9089999794960022, 0.9039999842643738, 0.890999972820282, 0.8960000276565552, 0.8949999809265137, 0.9049999713897705, 0.9210000038146973, 0.9200000166893005, 0.9169999957084656, 0.9139999747276306, 0.9179999828338623, 0.9309999942779541, 0.9419999718666077, 0.9599999785423279, 0.9679999947547913, 0.9810000061988831, 0.9879999756813049, 0.9879999756813049, 0.9879999756813049, 0.9929999709129333, 0.9959999918937683, 0.9959999918937683, 1.003000020980835, 1.003999948501587, 1.0140000581741333, 1.0199999809265137, 1.024999976158142, 1.0290000438690186, 1.0290000438690186]
intensities: [508.0, 514.0, 516.0, 523.0, 535.0, 527.0, 537.0, 538.0, 522.0, 518.0, 517.0, 506.0, 545.0, 586.0, 633.0, 753.0, 779.0, 894.0, 894.0, 968.0, 1012.0, 1024.0, 1078.0, 1093.0, 1125.0, 1146.0, 1170.0, 1172.0, 1205.0, 1235.0, 1233.0, 1238.0, 1248.0, 1296.0, 1301.0, 1307.0, 1347.0, 1353.0, 1355.0, 1361.0, 1365.0, 1365.0, 1379.0, 1358.0, 1361.0, 1387.0, 1358.0, 1373.0, 1391.0, 1392.0, 1396.0, 1395.0, 1403.0, 1409.0, 1370.0, 1337.0, 1305.0, 1226.0, 1134.0, 1128.0, 1072.0, 1015.0, 892.0, 746.0, 839.0, 963.0, 998.0, 1055.0, 1086.0, 1102.0, 1105.0, 1122.0, 1107.0, 1114.0, 1116.0, 1115.0, 1105.0, 1083.0, 1108.0, 1111.0, 1111.0, 1115.0, 1119.0, 1157.0, 1220.0, 1196.0, 1264.0, 1260.0, 1284.0, 1302.0, 1313.0, 1332.0, 1335.0, 1333.0, 1301.0, 1305.0, 1298.0, 1286.0, 1286.0, 1292.0, 1299.0, 1317.0, 1297.0, 1281.0, 1282.0, 1276.0, 1270.0, 1272.0, 1255.0, 1251.0, 1253.0, 1253.0, 1238.0, 1249.0, 1242.0, 1276.0, 1333.0, 1326.0, 1313.0, 1153.0, 881.0, 445.0, 396.0, 379.0, 370.0, 395.0, 501.0, 743.0, 818.0, 834.0, 819.0, 803.0, 788.0, 788.0, 793.0, 803.0, 793.0, 793.0, 793.0, 786.0, 803.0, 821.0, 813.0, 805.0, 787.0, 770.0, 777.0, 764.0, 764.0, 776.0, 758.0, 767.0, 750.0, 750.0, 795.0, 794.0, 827.0, 803.0, 796.0, 796.0, 796.0, 791.0, 755.0, 761.0, 738.0, 749.0, 756.0, 764.0, 703.0, 711.0, 695.0, 695.0, 695.0, 695.0, 687.0, 688.0, 714.0, 740.0, 740.0, 734.0, 740.0, 716.0, 701.0, 701.0, 655.0, 615.0, 572.0, 538.0, 531.0, 0.0, 0.0, 0.0, 0.0, 588.0, 588.0, 559.0, 531.0, 701.0, 747.0, 778.0, 780.0, 783.0, 784.0, 779.0, 779.0, 776.0, 774.0, 775.0, 770.0, 768.0, 767.0, 753.0, 748.0, 743.0, 734.0, 740.0, 727.0, 727.0, 720.0, 722.0, 719.0, 706.0, 712.0, 708.0, 700.0, 692.0, 686.0, 680.0, 679.0, 666.0, 668.0, 661.0, 646.0, 642.0, 627.0, 624.0, 621.0, 612.0, 604.0, 601.0, 598.0, 593.0, 593.0, 588.0, 587.0, 581.0, 579.0, 572.0, 570.0, 563.0, 557.0, 550.0, 552.0, 536.0, 543.0, 540.0, 527.0, 514.0, 506.0, 503.0, 508.0, 511.0, 511.0, 494.0, 490.0, 488.0, 477.0, 483.0, 470.0, 469.0, 465.0, 456.0, 451.0, 448.0, 443.0, 430.0, 430.0, 433.0, 431.0, 400.0, 380.0, 370.0, 367.0, 371.0, 363.0, 356.0, 356.0, 332.0, 322.0, 321.0, 274.0, 300.0, 320.0, 409.0, 409.0, 406.0, 527.0, 527.0, 535.0, 528.0, 523.0, 501.0, 497.0, 501.0, 486.0, 463.0, 465.0, 468.0, 490.0, 503.0, 519.0, 552.0, 576.0, 604.0, 643.0, 825.0, 1079.0, 1122.0, 1132.0, 1106.0, 1115.0, 1115.0, 1163.0, 1136.0, 1110.0, 1132.0, 1136.0, 1135.0, 1134.0, 1133.0, 1121.0, 1121.0, 1152.0, 1155.0, 1141.0, 1127.0, 1148.0, 1152.0, 1152.0, 1150.0, 1149.0, 1134.0, 1129.0, 1137.0, 1141.0, 1124.0, 1122.0, 1137.0, 1130.0, 1127.0, 1122.0, 1125.0, 1103.0, 1122.0, 1117.0, 1123.0, 1120.0, 1135.0, 1132.0, 1113.0, 1113.0, 1125.0, 1123.0, 1127.0, 1126.0, 1126.0, 1104.0, 1118.0, 1118.0, 1113.0, 1105.0, 1118.0, 1116.0, 1114.0, 1114.0, 1110.0, 1108.0, 1109.0, 1106.0, 1101.0, 1101.0, 1103.0, 1100.0, 1099.0, 1101.0, 1098.0, 1107.0, 1107.0, 1093.0, 1093.0, 1091.0, 1086.0, 1098.0, 1098.0, 1082.0, 1093.0, 1093.0, 1076.0, 1084.0, 1105.0, 1097.0, 1081.0, 1081.0, 1086.0, 1079.0, 1074.0, 1089.0, 1089.0, 1101.0, 1104.0, 1111.0, 1117.0, 1097.0, 1102.0, 1101.0, 1099.0, 1105.0, 1112.0, 1112.0, 1096.0, 1086.0, 1096.0, 1091.0, 1114.0, 1107.0, 1106.0, 1094.0, 1098.0, 1106.0, 1108.0, 1097.0, 1081.0, 1093.0, 1091.0, 1087.0, 1105.0, 1086.0, 1087.0, 1085.0, 1088.0, 1082.0, 1086.0, 1075.0, 1087.0, 1104.0, 1084.0, 1077.0, 1074.0, 1071.0, 1057.0, 1076.0, 1092.0, 1103.0, 1100.0, 1097.0, 1102.0, 1086.0, 1023.0, 926.0, 894.0, 907.0, 1007.0, 1074.0, 1085.0, 1102.0, 1115.0, 1108.0, 1097.0, 1107.0, 1102.0, 1110.0, 1106.0, 1098.0, 1110.0, 1110.0, 1104.0, 1110.0, 1108.0, 1122.0, 1160.0, 1329.0, 1396.0, 1397.0, 1276.0, 1246.0, 1114.0, 1166.0, 1323.0, 1343.0, 1402.0, 1431.0, 1604.0, 1604.0, 1657.0, 1678.0, 1667.0, 1539.0, 1486.0, 1502.0, 1518.0, 1567.0, 1460.0, 1541.0, 1627.0, 1708.0, 1708.0, 1797.0, 1766.0, 1928.0, 1910.0, 1857.0, 1706.0, 1619.0, 1645.0, 1688.0, 1700.0, 1675.0, 1675.0, 1439.0, 1379.0, 1370.0, 1380.0, 1389.0, 1489.0, 1477.0, 1489.0, 1384.0, 1329.0, 1282.0, 1284.0, 1261.0, 1248.0, 1136.0, 1155.0, 1182.0, 1146.0, 1249.0, 1273.0, 1420.0, 1460.0, 1475.0, 1503.0, 1497.0, 1457.0, 1491.0, 1482.0, 1523.0, 1471.0, 1454.0, 1426.0, 1405.0, 1405.0, 1411.0, 1371.0, 1381.0, 1419.0, 1467.0, 1744.0, 1795.0, 2020.0, 2017.0, 2013.0, 1981.0, 1949.0, 1925.0, 1813.0, 1740.0, 1515.0, 1565.0, 1512.0, 1532.0, 1554.0, 1669.0, 1779.0, 1819.0, 1876.0, 1885.0, 2002.0, 2017.0, 1969.0, 1836.0, 1843.0, 1850.0, 1734.0, 1702.0, 1720.0, 1787.0, 1796.0, 1814.0, 1812.0, 1815.0, 1815.0, 1797.0, 1808.0, 1808.0, 1769.0, 1779.0, 1851.0, 1846.0, 1822.0, 1785.0, 1771.0, 1684.0, 1598.0, 1579.0, 1580.0, 1618.0, 1670.0, 1656.0, 1656.0, 1597.0, 1492.0, 1457.0, 1460.0, 1451.0, 1450.0, 1461.0, 1448.0, 1440.0, 1410.0, 1386.0, 1388.0, 1384.0, 1279.0, 1239.0, 1190.0, 1190.0, 1137.0, 1113.0, 1110.0, 1091.0, 1103.0, 1097.0, 1113.0, 1105.0, 1106.0, 1478.0, 1375.0, 501.0, 968.0, 974.0, 976.0, 982.0, 982.0, 977.0, 977.0, 978.0, 983.0, 986.0, 986.0, 975.0, 976.0, 970.0, 970.0, 979.0, 972.0, 972.0, 985.0, 987.0, 988.0, 986.0, 981.0, 953.0, 885.0, 854.0, 879.0, 851.0, 776.0, 684.0, 653.0, 471.0, 474.0, 534.0, 526.0, 538.0, 537.0, 534.0, 534.0, 535.0, 535.0, 534.0, 536.0, 531.0, 527.0, 530.0, 526.0, 532.0, 532.0, 536.0, 529.0, 521.0, 520.0, 522.0, 522.0, 532.0, 529.0, 524.0, 511.0, 520.0, 536.0, 552.0, 591.0, 605.0, 565.0, 468.0, 277.0, 0.0, 0.0, 0.0, 0.0, 0.0, 0.0, 0.0, 0.0, 0.0, 0.0, 0.0, 0.0, 0.0, 0.0, 0.0, 0.0, 0.0, 0.0, 0.0, 0.0, 0.0, 0.0, 0.0, 732.0, 732.0, 802.0, 865.0, 879.0, 879.0, 884.0, 883.0, 877.0, 884.0, 882.0, 870.0, 870.0, 879.0, 879.0, 871.0, 871.0, 869.0, 868.0, 874.0, 863.0, 868.0, 868.0, 865.0, 860.0, 858.0, 868.0, 869.0, 867.0, 861.0, 858.0, 854.0, 833.0, 730.0, 730.0, 0.0, 0.0, 0.0, 0.0, 0.0, 0.0, 0.0, 0.0, 0.0, 0.0, 0.0, 0.0, 0.0, 0.0, 0.0, 0.0, 0.0, 0.0, 0.0, 0.0, 0.0, 0.0, 0.0, 772.0, 807.0, 807.0, 810.0, 807.0, 818.0, 821.0, 812.0, 820.0, 808.0, 819.0, 810.0, 808.0, 802.0, 800.0, 796.0, 787.0, 783.0, 789.0, 803.0, 820.0, 826.0, 713.0, 579.0, 566.0, 581.0, 565.0, 578.0, 581.0, 581.0, 575.0, 579.0, 577.0, 566.0, 583.0, 562.0, 581.0, 584.0, 582.0, 586.0, 520.0, 728.0, 543.0, 509.0, 502.0, 486.0, 424.0, 531.0, 672.0, 793.0, 838.0, 832.0, 838.0, 842.0, 843.0, 838.0, 304.0, 675.0, 676.0, 691.0, 691.0, 694.0, 685.0, 671.0, 657.0, 628.0, 619.0, 610.0, 746.0, 883.0, 894.0, 895.0, 893.0, 882.0, 879.0, 863.0, 849.0, 848.0, 854.0, 851.0, 846.0, 834.0, 847.0, 838.0, 841.0, 828.0, 839.0, 820.0, 815.0, 793.0, 786.0, 767.0, 755.0, 749.0, 754.0, 911.0, 591.0, 637.0, 724.0, 879.0, 883.0, 867.0, 852.0, 842.0, 828.0, 835.0, 930.0, 911.0, 979.0, 973.0, 974.0, 995.0, 996.0, 1012.0, 1007.0, 992.0, 990.0, 1012.0, 1018.0, 1028.0, 1032.0, 1012.0, 971.0, 862.0, 861.0, 828.0, 1049.0, 1001.0, 919.0, 910.0, 907.0, 918.0, 910.0, 909.0, 924.0, 941.0, 937.0, 936.0, 933.0, 932.0, 933.0, 929.0, 937.0, 936.0, 923.0, 932.0, 930.0, 946.0, 946.0, 936.0, 936.0, 935.0, 892.0, 892.0, 873.0, 882.0, 876.0, 884.0, 909.0, 890.0, 916.0, 931.0, 923.0, 925.0, 916.0, 916.0, 916.0, 916.0, 923.0, 923.0, 925.0, 923.0, 927.0, 914.0, 914.0, 927.0, 918.0, 891.0, 505.0, 479.0, 464.0, 480.0, 1073.0, 1073.0, 917.0, 917.0, 929.0, 929.0, 925.0, 924.0, 1041.0, 1149.0, 1137.0, 998.0, 931.0, 900.0, 913.0, 932.0, 1059.0, 972.0, 990.0, 1055.0, 1086.0, 981.0, 980.0, 1259.0, 1372.0, 890.0, 856.0, 1185.0, 1072.0, 1106.0, 1124.0, 1129.0, 1126.0, 1126.0, 1124.0, 1294.0, 955.0, 957.0, 1046.0, 1020.0, 917.0, 905.0, 899.0, 1011.0, 1204.0, 1212.0, 1320.0, 1320.0, 1313.0, 1313.0, 1314.0, 1315.0, 1313.0, 1313.0, 1311.0, 1315.0, 1305.0, 1312.0, 1310.0, 1312.0, 1307.0, 1307.0, 1305.0, 1301.0, 1302.0, 1304.0, 1305.0, 1302.0, 1300.0, 1302.0, 1300.0, 1296.0, 1295.0, 1297.0, 1299.0, 1297.0, 1286.0, 1291.0, 1296.0, 1296.0, 1297.0, 1302.0, 1302.0, 1300.0, 1302.0, 1305.0, 1307.0, 1307.0, 1284.0, 1295.0, 1285.0, 1294.0, 1299.0, 1298.0, 1292.0, 1286.0, 1276.0, 1263.0, 1267.0, 1266.0, 1264.0, 1263.0, 1260.0, 1254.0, 1254.0, 1258.0, 1247.0, 1246.0, 1235.0, 1230.0, 1240.0, 1230.0]