header: 
  seq: 466
  stamp: 
    secs: 1545151128
    nsecs: 977876100
  frame_id: "base_link"
angle_min: -2.35619449615
angle_max: 2.35619449615
angle_increment: 0.00436332309619
time_increment: 1.73611151695e-05
scan_time: 0.0250000003725
range_min: 0.019999999553
range_max: 30.0
ranges: [0.15299999713897705, 0.15399999916553497, 0.16099999845027924, 0.1589999943971634, 0.15800000727176666, 0.1550000011920929, 0.17399999499320984, 0.20499999821186066, 0.20999999344348907, 0.21699999272823334, 0.24300000071525574, 0.24199999868869781, 0.2800000011920929, 0.3179999887943268, 0.40299999713897705, 0.44600000977516174, 0.5080000162124634, 0.5109999775886536, 0.5479999780654907, 0.5479999780654907, 0.5600000023841858, 0.5879999995231628, 0.5830000042915344, 0.5690000057220459, 0.5609999895095825, 0.5600000023841858, 0.5590000152587891, 0.5770000219345093, 0.5820000171661377, 0.5849999785423279, 0.5860000252723694, 0.5870000123977661, 0.5920000076293945, 0.5950000286102295, 0.5929999947547913, 0.5899999737739563, 0.5960000157356262, 0.6100000143051147, 0.6129999756813049, 0.6129999756813049, 0.6029999852180481, 0.6050000190734863, 0.6060000061988831, 0.6060000061988831, 0.6079999804496765, 0.6110000014305115, 0.6119999885559082, 0.6159999966621399, 0.621999979019165, 0.6209999918937683, 0.6190000176429749, 0.6299999952316284, 0.6340000033378601, 0.6349999904632568, 0.628000020980835, 0.6299999952316284, 0.6200000047683716, 0.6079999804496765, 0.5509999990463257, 0.49799999594688416, 0.4410000145435333, 0.4180000126361847, 0.36500000953674316, 0.23499999940395355, 0.2619999945163727, 0.3190000057220459, 0.36899998784065247, 0.4480000138282776, 0.47699999809265137, 0.5799999833106995, 0.6370000243186951, 0.6629999876022339, 0.6729999780654907, 0.6859999895095825, 0.6980000138282776, 0.7049999833106995, 0.7099999785423279, 0.7099999785423279, 0.7089999914169312, 0.7089999914169312, 0.7070000171661377, 0.7139999866485596, 0.7129999995231628, 0.7129999995231628, 0.7139999866485596, 0.722000002861023, 0.7319999933242798, 0.7329999804496765, 0.7409999966621399, 0.7409999966621399, 0.7409999966621399, 0.7490000128746033, 0.7580000162124634, 0.7609999775886536, 0.7630000114440918, 0.7689999938011169, 0.7730000019073486, 0.7799999713897705, 0.7850000262260437, 0.7850000262260437, 0.7910000085830688, 0.7990000247955322, 0.7979999780654907, 0.7979999780654907, 0.8029999732971191, 0.8069999814033508, 0.8109999895095825, 0.8149999976158142, 0.8190000057220459, 0.8209999799728394, 0.828000009059906, 0.8309999704360962, 0.8379999995231628, 0.8489999771118164, 0.8519999980926514, 0.8640000224113464, 0.8629999756813049, 0.875, 0.8640000224113464, 0.8769999742507935, 0.8769999742507935, 0.8560000061988831, 0.8460000157356262, 0.847000002861023, 0.8399999737739563, 0.8420000076293945, 0.8610000014305115, 0.8939999938011169, 0.9049999713897705, 0.906000018119812, 0.8920000195503235, 0.8930000066757202, 0.8970000147819519, 0.8880000114440918, 0.8930000066757202, 0.8930000066757202, 0.8930000066757202, 0.8980000019073486, 0.8989999890327454, 0.9200000166893005, 0.9229999780654907, 0.9190000295639038, 0.906000018119812, 0.9110000133514404, 0.9150000214576721, 0.921999990940094, 0.9210000038146973, 0.9210000038146973, 0.9319999814033508, 0.9319999814033508, 0.9319999814033508, 0.9369999766349792, 0.9449999928474426, 0.9340000152587891, 0.9279999732971191, 0.9340000152587891, 0.9490000009536743, 0.9679999947547913, 0.968999981880188, 0.9679999947547913, 0.9679999947547913, 0.9729999899864197, 0.968999981880188, 0.968999981880188, 0.9490000009536743, 0.9620000123977661, 0.972000002861023, 0.9629999995231628, 0.953000009059906, 0.9470000267028809, 0.9480000138282776, 0.9509999752044678, 0.9509999752044678, 0.9559999704360962, 0.9559999704360962, 0.9580000042915344, 0.9580000042915344, 0.9769999980926514, 0.9909999966621399, 1.0069999694824219, 1.0069999694824219, 1.0069999694824219, 0.9800000190734863, 0.9890000224113464, 0.9580000042915344, 0.9800000190734863, 0.9829999804496765, 0.9670000076293945, 0.9509999752044678, 0.9509999752044678, 65.53299713134766, 65.53299713134766, 0.42399999499320984, 0.4230000078678131, 0.41600000858306885, 0.41600000858306885, 0.4099999964237213, 0.4440000057220459, 0.4490000009536743, 0.4429999887943268, 0.4399999976158142, 0.4580000042915344, 0.46299999952316284, 0.46000000834465027, 0.4650000035762787, 0.4569999873638153, 0.45899999141693115, 0.4690000116825104, 0.4699999988079071, 0.46399998664855957, 0.4650000035762787, 0.4740000069141388, 0.4819999933242798, 0.47099998593330383, 0.4790000021457672, 0.47999998927116394, 0.4790000021457672, 0.4830000102519989, 0.49000000953674316, 0.48899999260902405, 0.492000013589859, 0.48399999737739563, 0.4819999933242798, 0.4819999933242798, 0.4869999885559082, 0.4860000014305115, 0.4830000102519989, 0.48899999260902405, 0.4909999966621399, 0.5080000162124634, 0.5019999742507935, 0.5019999742507935, 0.5090000033378601, 0.5090000033378601, 0.5099999904632568, 0.5170000195503235, 0.515999972820282, 0.5149999856948853, 0.5199999809265137, 0.5329999923706055, 0.5289999842643738, 0.527999997138977, 0.5299999713897705, 0.5329999923706055, 0.5320000052452087, 0.5440000295639038, 0.550000011920929, 0.550000011920929, 0.5630000233650208, 0.5649999976158142, 0.5730000138282776, 0.5720000267028809, 0.5649999976158142, 0.5619999766349792, 0.5709999799728394, 0.5759999752044678, 0.5839999914169312, 0.5950000286102295, 0.593999981880188, 0.6060000061988831, 0.6110000014305115, 0.6060000061988831, 0.6060000061988831, 0.6100000143051147, 0.6119999885559082, 0.6439999938011169, 0.6539999842643738, 0.6520000100135803, 0.6520000100135803, 0.6549999713897705, 0.6470000147819519, 0.6420000195503235, 0.6430000066757202, 0.6510000228881836, 0.6629999876022339, 0.6660000085830688, 0.6740000247955322, 0.6899999976158142, 0.6899999976158142, 0.703000009059906, 0.7049999833106995, 0.6890000104904175, 0.6869999766349792, 0.6990000009536743, 0.6959999799728394, 0.7310000061988831, 0.7329999804496765, 0.7820000052452087, 0.777999997138977, 0.7749999761581421, 0.8489999771118164, 0.8500000238418579, 0.9459999799728394, 0.7799999713897705, 0.9729999899864197, 0.9589999914169312, 1.0240000486373901, 1.1679999828338623, 1.2369999885559082, 1.2380000352859497, 1.2669999599456787, 1.2610000371932983, 1.281999945640564, 1.2899999618530273, 1.315999984741211, 1.3229999542236328, 1.3300000429153442, 1.3309999704360962, 1.315000057220459, 1.3049999475479126, 1.2990000247955322, 1.274999976158142, 1.2309999465942383, 1.1640000343322754, 1.1200000047683716, 1.1480000019073486, 1.2039999961853027, 1.2020000219345093, 1.1920000314712524, 1.1920000314712524, 1.2070000171661377, 1.2089999914169312, 1.2109999656677246, 1.2079999446868896, 1.2079999446868896, 1.2120000123977661, 1.2100000381469727, 1.2100000381469727, 1.2100000381469727, 1.2139999866485596, 1.218999981880188, 1.218000054359436, 1.2209999561309814, 1.225000023841858, 1.2289999723434448, 1.2289999723434448, 1.2269999980926514, 1.225000023841858, 1.2300000190734863, 1.2319999933242798, 1.2339999675750732, 1.2309999465942383, 1.2359999418258667, 1.2480000257492065, 1.2519999742507935, 1.253000020980835, 1.253000020980835, 1.253000020980835, 1.2510000467300415, 1.2489999532699585, 1.2510000467300415, 1.2510000467300415, 1.2610000371932983, 1.2690000534057617, 1.2710000276565552, 1.2710000276565552, 1.2769999504089355, 1.2740000486373901, 1.2769999504089355, 1.2769999504089355, 1.281000018119812, 1.2799999713897705, 1.274999976158142, 1.2869999408721924, 1.2879999876022339, 1.2869999408721924, 1.2999999523162842, 1.2979999780654907, 1.2879999876022339, 1.2940000295639038, 1.3029999732971191, 1.312999963760376, 1.3170000314712524, 1.3179999589920044, 1.3209999799728394, 1.3240000009536743, 1.3289999961853027, 1.3270000219345093, 1.3279999494552612, 1.3300000429153442, 1.3329999446868896, 1.3380000591278076, 1.3509999513626099, 1.3489999771118164, 1.3569999933242798, 1.3589999675750732, 1.3589999675750732, 1.3589999675750732, 1.3589999675750732, 1.3739999532699585, 1.3739999532699585, 1.3739999532699585, 1.3760000467300415, 1.378999948501587, 1.3849999904632568, 1.3869999647140503, 1.3980000019073486, 1.4010000228881836, 1.4149999618530273, 1.4179999828338623, 1.4160000085830688, 1.4210000038146973, 1.4290000200271606, 1.434999942779541, 1.4429999589920044, 1.4450000524520874, 1.4450000524520874, 1.4570000171661377, 1.4570000171661377, 1.4600000381469727, 1.4600000381469727, 1.468999981880188, 1.4709999561309814, 1.4780000448226929, 1.4839999675750732, 1.496000051498413, 1.5069999694824219, 1.5149999856948853, 1.5210000276565552, 1.5219999551773071, 1.5210000276565552, 1.5290000438690186, 1.5390000343322754, 1.5429999828338623, 1.5420000553131104, 1.5490000247955322, 1.5490000247955322, 1.562999963760376, 1.5709999799728394, 1.5809999704360962, 1.5829999446868896, 1.5789999961853027, 1.5789999961853027, 1.5950000286102295, 1.6119999885559082, 1.621999979019165, 1.6269999742507935, 1.63100004196167, 1.6369999647140503, 1.6440000534057617, 1.6510000228881836, 1.659999966621399, 1.6720000505447388, 1.6790000200271606, 1.684999942779541, 1.6890000104904175, 1.7000000476837158, 1.7079999446868896, 1.7269999980926514, 1.7380000352859497, 1.7380000352859497, 1.7480000257492065, 1.753999948501587, 1.7649999856948853, 1.774999976158142, 1.7869999408721924, 1.7949999570846558, 1.809000015258789, 1.7929999828338623, 1.7920000553131104, 1.781000018119812, 1.7829999923706055, 1.7869999408721924, 1.7790000438690186, 1.7740000486373901, 1.7669999599456787, 1.7569999694824219, 1.7480000257492065, 1.7450000047683716, 1.7419999837875366, 1.7330000400543213, 1.7300000190734863, 1.7209999561309814, 1.7209999561309814, 1.7139999866485596, 1.7050000429153442, 1.6979999542236328, 1.6859999895095825, 1.6799999475479126, 1.6419999599456787, 1.1829999685287476, 0.921999990940094, 0.8899999856948853, 0.8619999885559082, 0.8399999737739563, 0.8069999814033508, 0.8029999732971191, 0.7929999828338623, 0.7960000038146973, 0.796999990940094, 0.7860000133514404, 0.7870000004768372, 0.7770000100135803, 0.7870000004768372, 0.7900000214576721, 0.7919999957084656, 0.7860000133514404, 0.7799999713897705, 0.7549999952316284, 0.7509999871253967, 0.7509999871253967, 0.7429999709129333, 0.7139999866485596, 0.7070000171661377, 0.6990000009536743, 0.7009999752044678, 0.7039999961853027, 0.7139999866485596, 0.7170000076293945, 0.7200000286102295, 0.7179999947547913, 0.7120000123977661, 0.7099999785423279, 0.7080000042915344, 0.7009999752044678, 0.6940000057220459, 0.6970000267028809, 0.699999988079071, 0.7009999752044678, 0.6970000267028809, 0.6909999847412109, 0.6940000057220459, 0.6930000185966492, 0.6949999928474426, 0.6919999718666077, 0.6869999766349792, 0.6800000071525574, 0.6690000295639038, 0.6639999747276306, 0.6579999923706055, 0.6539999842643738, 0.6359999775886536, 0.6480000019073486, 0.6470000147819519, 0.6579999923706055, 0.6510000228881836, 0.6669999957084656, 0.6660000085830688, 0.6639999747276306, 0.6629999876022339, 0.6620000004768372, 0.6600000262260437, 0.6499999761581421, 0.6460000276565552, 0.6439999938011169, 0.6370000243186951, 0.6299999952316284, 0.6299999952316284, 0.6290000081062317, 0.6340000033378601, 0.6340000033378601, 0.6299999952316284, 0.6269999742507935, 0.6259999871253967, 0.6179999709129333, 0.6119999885559082, 0.5860000252723694, 0.5550000071525574, 0.5509999990463257, 0.546999990940094, 0.5419999957084656, 0.5429999828338623, 0.5450000166893005, 0.5440000295639038, 0.5440000295639038, 0.5440000295639038, 0.5550000071525574, 0.5590000152587891, 0.5630000233650208, 0.5640000104904175, 0.5640000104904175, 0.5440000295639038, 0.5429999828338623, 0.5450000166893005, 0.5450000166893005, 0.5519999861717224, 0.5540000200271606, 0.5519999861717224, 0.5509999990463257, 0.5550000071525574, 0.5609999895095825, 0.5609999895095825, 0.5580000281333923, 0.5490000247955322, 0.5479999780654907, 0.5479999780654907, 0.5509999990463257, 0.550000011920929, 0.5400000214576721, 0.5370000004768372, 0.5379999876022339, 0.5419999957084656, 0.5419999957084656, 0.5419999957084656, 0.5410000085830688, 0.5379999876022339, 0.5379999876022339, 0.5419999957084656, 0.5460000038146973, 0.5450000166893005, 0.5400000214576721, 0.5389999747276306, 0.5379999876022339, 0.5360000133514404, 0.5360000133514404, 0.5440000295639038, 0.5410000085830688, 0.5350000262260437, 0.5350000262260437, 0.5400000214576721, 0.5419999957084656, 0.5429999828338623, 0.5429999828338623, 0.5460000038146973, 0.5490000247955322, 0.5509999990463257, 0.5559999942779541, 0.5509999990463257, 0.5519999861717224, 0.5519999861717224, 0.5569999814033508, 0.5580000281333923, 0.5569999814033508, 0.5569999814033508, 0.5619999766349792, 0.5609999895095825, 0.5569999814033508, 0.5590000152587891, 0.5590000152587891, 0.5590000152587891, 0.5609999895095825, 0.5630000233650208, 0.5640000104904175, 0.5709999799728394, 0.5759999752044678, 0.578000009059906, 0.6449999809265137, 0.7059999704360962, 0.6309999823570251, 3.2219998836517334, 3.242000102996826, 3.242000102996826, 3.243000030517578, 3.239000082015991, 3.243000030517578, 3.240000009536743, 3.242000102996826, 3.24399995803833, 3.253999948501587, 3.253999948501587, 3.252000093460083, 3.253000020980835, 3.253000020980835, 3.260999917984009, 3.26200008392334, 3.260999917984009, 3.2679998874664307, 3.2720000743865967, 3.2809998989105225, 3.2820000648498535, 3.2820000648498535, 3.2809998989105225, 3.2720000743865967, 3.200000047683716, 3.11299991607666, 3.058000087738037, 3.0789999961853027, 3.128999948501587, 3.3239998817443848, 3.38100004196167, 11.041000366210938, 11.041000366210938, 11.08899974822998, 11.093000411987305, 11.097999572753906, 11.093000411987305, 11.121000289916992, 11.130000114440918, 11.152999877929688, 11.170999526977539, 11.182000160217285, 11.196999549865723, 11.21399974822998, 11.222000122070312, 11.244000434875488, 11.258999824523926, 11.277999877929688, 11.286999702453613, 11.307999610900879, 11.314000129699707, 11.336000442504883, 11.35200023651123, 11.369000434875488, 11.401000022888184, 11.413000106811523, 11.416999816894531, 11.449000358581543, 11.468000411987305, 11.468000411987305, 11.428999900817871, 11.333000183105469, 11.265999794006348, 11.25100040435791, 11.258999824523926, 11.267000198364258, 11.291999816894531, 65.53299713134766, 65.53299713134766, 65.53299713134766, 65.53299713134766, 65.53299713134766, 65.53299713134766, 65.53299713134766, 65.53299713134766, 65.53299713134766, 65.53299713134766, 65.53299713134766, 65.53299713134766, 65.53299713134766, 65.53299713134766, 65.53299713134766, 65.53299713134766, 65.53299713134766, 65.53299713134766, 65.53299713134766, 65.53299713134766, 65.53299713134766, 65.53299713134766, 65.53299713134766, 3.931999921798706, 3.9240000247955322, 3.927000045776367, 3.9040000438690186, 3.9079999923706055, 3.9110000133514404, 3.930999994277954, 3.937999963760376, 3.9489998817443848, 3.9560000896453857, 3.9670000076293945, 3.9779999256134033, 3.9779999256134033, 3.997999906539917, 4.014999866485596, 4.021999835968018, 4.033999919891357, 4.052000045776367, 4.052999973297119, 4.072000026702881, 4.085999965667725, 4.098999977111816, 4.104000091552734, 4.122000217437744, 4.139999866485596, 4.144999980926514, 4.165999889373779, 4.178999900817871, 4.191999912261963, 4.198999881744385, 4.201000213623047, 4.21999979019165, 4.224999904632568, 4.21999979019165, 4.21999979019165, 65.53299713134766, 65.53299713134766, 65.53299713134766, 65.53299713134766, 65.53299713134766, 65.53299713134766, 65.53299713134766, 65.53299713134766, 65.53299713134766, 65.53299713134766, 65.53299713134766, 65.53299713134766, 65.53299713134766, 65.53299713134766, 65.53299713134766, 65.53299713134766, 65.53299713134766, 65.53299713134766, 65.53299713134766, 65.53299713134766, 65.53299713134766, 65.53299713134766, 65.53299713134766, 4.677999973297119, 4.693999767303467, 4.7129998207092285, 4.730000019073486, 4.742000102996826, 4.760000228881836, 4.790999889373779, 4.804999828338623, 4.831999778747559, 4.8470001220703125, 4.872000217437744, 4.888000011444092, 4.927000045776367, 4.947999954223633, 4.964000225067139, 4.979000091552734, 5.011000156402588, 5.0329999923706055, 5.068999767303467, 5.068999767303467, 5.040999889373779, 5.031000137329102, 5.017000198364258, 3.3910000324249268, 3.3929998874664307, 3.4010000228881836, 3.4509999752044678, 3.4579999446868896, 3.4690001010894775, 3.486999988555908, 3.5260000228881836, 3.5369999408721924, 3.555000066757202, 3.553999900817871, 3.5859999656677246, 3.614000082015991, 3.6459999084472656, 3.6519999504089355, 3.680999994277954, 3.688999891281128, 3.7039999961853027, 4.340000152587891, 4.671000003814697, 4.6539998054504395, 4.626999855041504, 4.619999885559082, 4.50600004196167, 4.3979997634887695, 4.48199987411499, 4.565000057220459, 4.556000232696533, 4.545000076293945, 4.5320000648498535, 4.520999908447266, 4.495999813079834, 4.485000133514404, 2.994999885559082, 2.996000051498413, 2.9830000400543213, 2.9779999256134033, 2.9769999980926514, 2.9860000610351562, 3.00600004196167, 3.0280001163482666, 3.0390000343322754, 3.0280001163482666, 3.0439999103546143, 3.134000062942505, 3.1530001163482666, 3.1730000972747803, 3.2360000610351562, 3.256999969482422, 3.2799999713897705, 3.302999973297119, 3.3239998817443848, 3.3550000190734863, 3.377000093460083, 3.4010000228881836, 3.4260001182556152, 3.450000047683716, 3.4839999675750732, 3.5169999599456787, 3.5480000972747803, 3.5739998817443848, 3.5889999866485596, 3.627000093460083, 3.6570000648498535, 3.691999912261963, 3.7149999141693115, 3.746000051498413, 3.7739999294281006, 3.799999952316284, 3.8399999141693115, 3.865000009536743, 3.875, 3.4630000591278076, 3.072999954223633, 3.0789999961853027, 3.0869998931884766, 3.1059999465942383, 3.0999999046325684, 3.0950000286102295, 3.0959999561309814, 3.0869998931884766, 3.049999952316284, 3.0309998989105225, 3.0420000553131104, 3.065999984741211, 3.0510001182556152, 3.0739998817443848, 3.059000015258789, 3.0510001182556152, 3.055999994277954, 3.059999942779541, 3.058000087738037, 3.055999994277954, 3.052000045776367, 3.0450000762939453, 3.0429999828338623, 3.0429999828338623, 3.0320000648498535, 3.0199999809265137, 3.009999990463257, 2.944999933242798, 2.928999900817871, 2.9760000705718994, 3.236999988555908, 3.884999990463257, 3.880000114440918, 3.880000114440918, 3.875, 3.868000030517578, 3.865000009536743, 3.86299991607666, 3.86299991607666, 3.8610000610351562, 3.8510000705718994, 3.8450000286102295, 3.8320000171661377, 3.8289999961853027, 3.828000068664551, 3.8239998817443848, 3.819999933242798, 3.816999912261963, 3.816999912261963, 3.812000036239624, 3.809999942779541, 3.809999942779541, 3.796999931335449, 3.7980000972747803, 3.805999994277954, 3.796999931335449, 3.7790000438690186, 3.7669999599456787, 3.7339999675750732, 3.7119998931884766, 3.7109999656677246, 3.7219998836517334, 3.759999990463257, 3.7679998874664307, 3.76200008392334, 3.7720000743865967, 3.7690000534057617, 3.7679998874664307, 3.759999990463257, 3.757999897003174, 3.759999990463257, 3.759999990463257, 3.76200008392334, 3.75, 3.744999885559082, 3.744999885559082, 3.752000093460083, 3.740000009536743, 3.739000082015991, 3.73799991607666, 3.7309999465942383, 3.6579999923706055, 3.2750000953674316, 3.2219998836517334, 3.186000108718872, 3.1579999923706055, 3.1489999294281006, 3.4110000133514404, 3.7109999656677246, 3.7309999465942383, 3.7260000705718994, 3.7260000705718994, 3.7170000076293945, 3.7100000381469727, 3.250999927520752, 3.2309999465942383, 3.2660000324249268, 3.388000011444092, 3.4100000858306885, 3.4110000133514404, 3.4000000953674316, 3.374000072479248, 2.3389999866485596, 2.25600004196167, 2.23799991607666, 2.2339999675750732, 2.2279999256134033, 2.2339999675750732, 2.25600004196167, 2.369999885559082, 2.700000047683716, 3.703000068664551, 3.703000068664551, 2.1019999980926514, 1.9759999513626099, 1.9459999799728394, 1.9210000038146973, 1.8919999599456787, 1.8880000114440918, 1.8860000371932983, 1.843000054359436, 1.0290000438690186, 0.9020000100135803, 0.8799999952316284, 0.8740000128746033, 0.875, 0.875, 0.8809999823570251, 0.8799999952316284, 0.8799999952316284, 0.878000020980835, 0.878000020980835, 0.8730000257492065, 0.875, 0.8759999871253967, 0.8820000290870667, 0.8849999904632568, 0.8849999904632568, 0.8880000114440918, 0.8859999775886536, 0.8859999775886536, 0.8920000195503235, 0.8939999938011169, 0.8980000019073486, 0.8970000147819519, 0.8980000019073486, 0.8980000019073486, 0.8980000019073486, 0.8989999890327454, 0.8939999938011169, 0.8920000195503235, 0.8939999938011169, 0.906000018119812, 0.906000018119812, 0.9100000262260437, 0.9150000214576721, 0.9150000214576721, 0.9169999957084656, 0.9169999957084656, 0.9169999957084656, 0.9179999828338623, 0.9179999828338623, 0.9179999828338623, 0.9200000166893005, 0.921999990940094, 0.921999990940094, 0.921999990940094, 0.9190000295639038, 0.9120000004768372, 0.9079999923706055, 0.9010000228881836, 0.8980000019073486, 0.9010000228881836, 0.8859999775886536, 0.9139999747276306, 0.9160000085830688, 0.9200000166893005, 0.9150000214576721, 0.9039999842643738, 0.8930000066757202, 0.9150000214576721, 0.953000009059906, 0.9649999737739563, 0.968999981880188, 0.9879999756813049, 0.9900000095367432, 0.9929999709129333, 0.9940000176429749, 0.9890000224113464, 0.9929999709129333, 1.0010000467300415, 1.0049999952316284, 1.0049999952316284, 1.0080000162124634, 1.0140000581741333, 1.0240000486373901, 1.031000018119812, 1.031000018119812]
intensities: [524.0, 524.0, 531.0, 530.0, 528.0, 530.0, 527.0, 535.0, 518.0, 512.0, 516.0, 513.0, 539.0, 572.0, 666.0, 743.0, 852.0, 844.0, 912.0, 912.0, 945.0, 1049.0, 1084.0, 1090.0, 1123.0, 1142.0, 1141.0, 1183.0, 1197.0, 1223.0, 1260.0, 1258.0, 1268.0, 1268.0, 1305.0, 1337.0, 1354.0, 1345.0, 1371.0, 1384.0, 1372.0, 1388.0, 1391.0, 1394.0, 1390.0, 1389.0, 1392.0, 1382.0, 1393.0, 1398.0, 1403.0, 1388.0, 1382.0, 1406.0, 1338.0, 1340.0, 1253.0, 1221.0, 1155.0, 1124.0, 1067.0, 1045.0, 927.0, 686.0, 741.0, 857.0, 984.0, 1067.0, 1072.0, 1090.0, 1092.0, 1120.0, 1114.0, 1117.0, 1098.0, 1093.0, 1109.0, 1109.0, 1101.0, 1101.0, 1084.0, 1130.0, 1125.0, 1125.0, 1130.0, 1181.0, 1227.0, 1267.0, 1292.0, 1297.0, 1297.0, 1300.0, 1302.0, 1304.0, 1300.0, 1302.0, 1294.0, 1294.0, 1304.0, 1304.0, 1301.0, 1301.0, 1272.0, 1272.0, 1271.0, 1259.0, 1247.0, 1249.0, 1240.0, 1238.0, 1246.0, 1220.0, 1223.0, 1245.0, 1236.0, 1275.0, 1264.0, 1287.0, 1193.0, 1202.0, 869.0, 448.0, 402.0, 389.0, 378.0, 400.0, 496.0, 741.0, 806.0, 821.0, 802.0, 793.0, 798.0, 788.0, 795.0, 795.0, 780.0, 783.0, 779.0, 797.0, 797.0, 798.0, 773.0, 774.0, 775.0, 778.0, 771.0, 771.0, 779.0, 766.0, 766.0, 769.0, 772.0, 759.0, 750.0, 772.0, 785.0, 813.0, 799.0, 794.0, 794.0, 804.0, 784.0, 784.0, 738.0, 756.0, 763.0, 743.0, 718.0, 695.0, 694.0, 693.0, 693.0, 685.0, 685.0, 687.0, 684.0, 715.0, 738.0, 743.0, 738.0, 738.0, 680.0, 697.0, 622.0, 625.0, 603.0, 546.0, 492.0, 492.0, 0.0, 0.0, 538.0, 588.0, 638.0, 592.0, 547.0, 699.0, 755.0, 762.0, 767.0, 785.0, 793.0, 791.0, 794.0, 769.0, 768.0, 774.0, 770.0, 767.0, 770.0, 765.0, 770.0, 746.0, 752.0, 750.0, 742.0, 731.0, 730.0, 730.0, 725.0, 714.0, 709.0, 707.0, 708.0, 689.0, 685.0, 686.0, 677.0, 672.0, 660.0, 652.0, 647.0, 639.0, 640.0, 623.0, 621.0, 619.0, 601.0, 597.0, 594.0, 596.0, 592.0, 587.0, 588.0, 585.0, 582.0, 571.0, 573.0, 556.0, 560.0, 559.0, 550.0, 536.0, 538.0, 533.0, 525.0, 528.0, 519.0, 523.0, 521.0, 513.0, 505.0, 494.0, 488.0, 501.0, 497.0, 500.0, 479.0, 478.0, 465.0, 454.0, 451.0, 453.0, 442.0, 429.0, 428.0, 414.0, 414.0, 423.0, 413.0, 384.0, 377.0, 359.0, 354.0, 367.0, 345.0, 337.0, 333.0, 330.0, 364.0, 339.0, 416.0, 250.0, 424.0, 406.0, 417.0, 556.0, 527.0, 506.0, 494.0, 513.0, 523.0, 512.0, 471.0, 467.0, 472.0, 482.0, 490.0, 503.0, 518.0, 550.0, 577.0, 603.0, 648.0, 799.0, 1099.0, 1101.0, 1130.0, 1130.0, 1128.0, 1140.0, 1142.0, 1128.0, 1125.0, 1135.0, 1123.0, 1136.0, 1137.0, 1142.0, 1146.0, 1118.0, 1103.0, 1115.0, 1127.0, 1140.0, 1140.0, 1137.0, 1127.0, 1139.0, 1136.0, 1124.0, 1125.0, 1128.0, 1138.0, 1139.0, 1144.0, 1143.0, 1138.0, 1131.0, 1121.0, 1119.0, 1132.0, 1132.0, 1127.0, 1130.0, 1133.0, 1131.0, 1125.0, 1125.0, 1124.0, 1124.0, 1120.0, 1127.0, 1127.0, 1126.0, 1125.0, 1128.0, 1113.0, 1114.0, 1108.0, 1122.0, 1115.0, 1111.0, 1114.0, 1112.0, 1108.0, 1099.0, 1106.0, 1098.0, 1103.0, 1107.0, 1098.0, 1087.0, 1097.0, 1096.0, 1096.0, 1096.0, 1096.0, 1089.0, 1089.0, 1084.0, 1084.0, 1080.0, 1081.0, 1079.0, 1098.0, 1093.0, 1095.0, 1093.0, 1074.0, 1083.0, 1088.0, 1091.0, 1094.0, 1082.0, 1082.0, 1110.0, 1107.0, 1106.0, 1100.0, 1101.0, 1100.0, 1103.0, 1093.0, 1099.0, 1096.0, 1098.0, 1098.0, 1095.0, 1094.0, 1102.0, 1105.0, 1119.0, 1109.0, 1096.0, 1096.0, 1097.0, 1079.0, 1087.0, 1081.0, 1090.0, 1090.0, 1092.0, 1082.0, 1087.0, 1080.0, 1088.0, 1081.0, 1091.0, 1089.0, 1087.0, 1099.0, 1067.0, 1081.0, 1078.0, 1075.0, 1072.0, 1068.0, 1073.0, 1073.0, 1090.0, 1095.0, 1088.0, 1088.0, 1097.0, 1063.0, 1035.0, 926.0, 863.0, 892.0, 1016.0, 1069.0, 1076.0, 1098.0, 1103.0, 1098.0, 1106.0, 1104.0, 1110.0, 1112.0, 1108.0, 1108.0, 1103.0, 1109.0, 1085.0, 1111.0, 1091.0, 1101.0, 1116.0, 1323.0, 1399.0, 1393.0, 1345.0, 1205.0, 1117.0, 1218.0, 1246.0, 1354.0, 1415.0, 1406.0, 1618.0, 1643.0, 1770.0, 1776.0, 1751.0, 1613.0, 1532.0, 1563.0, 1538.0, 1508.0, 1487.0, 1458.0, 1583.0, 1647.0, 1690.0, 1699.0, 1788.0, 1932.0, 1882.0, 1809.0, 1679.0, 1609.0, 1625.0, 1650.0, 1677.0, 1625.0, 1608.0, 1538.0, 1406.0, 1348.0, 1381.0, 1367.0, 1410.0, 1487.0, 1440.0, 1362.0, 1300.0, 1278.0, 1264.0, 1265.0, 1142.0, 1174.0, 1130.0, 1202.0, 1174.0, 1346.0, 1368.0, 1401.0, 1503.0, 1480.0, 1500.0, 1541.0, 1496.0, 1444.0, 1491.0, 1502.0, 1497.0, 1458.0, 1387.0, 1387.0, 1402.0, 1417.0, 1401.0, 1386.0, 1382.0, 1386.0, 1611.0, 1892.0, 1927.0, 1999.0, 2014.0, 2028.0, 1909.0, 1913.0, 1917.0, 1742.0, 1569.0, 1536.0, 1497.0, 1514.0, 1583.0, 1723.0, 1742.0, 1742.0, 1828.0, 1813.0, 2036.0, 2000.0, 2014.0, 1844.0, 1844.0, 1842.0, 1708.0, 1705.0, 1702.0, 1782.0, 1809.0, 1798.0, 1802.0, 1807.0, 1800.0, 1806.0, 1792.0, 1790.0, 1807.0, 1793.0, 1802.0, 1795.0, 1814.0, 1746.0, 1769.0, 1723.0, 1598.0, 1598.0, 1554.0, 1612.0, 1642.0, 1645.0, 1650.0, 1573.0, 1512.0, 1512.0, 1469.0, 1433.0, 1405.0, 1433.0, 1432.0, 1400.0, 1400.0, 1394.0, 1389.0, 1360.0, 1335.0, 1307.0, 1239.0, 1203.0, 1140.0, 1140.0, 1140.0, 1092.0, 1080.0, 1082.0, 1108.0, 1121.0, 1073.0, 1518.0, 1409.0, 637.0, 960.0, 967.0, 967.0, 972.0, 970.0, 977.0, 974.0, 972.0, 973.0, 979.0, 979.0, 976.0, 979.0, 980.0, 979.0, 977.0, 972.0, 979.0, 980.0, 984.0, 986.0, 986.0, 981.0, 959.0, 901.0, 866.0, 860.0, 854.0, 739.0, 572.0, 647.0, 468.0, 468.0, 532.0, 543.0, 543.0, 524.0, 538.0, 535.0, 541.0, 535.0, 529.0, 522.0, 528.0, 527.0, 524.0, 521.0, 533.0, 536.0, 534.0, 523.0, 527.0, 518.0, 522.0, 535.0, 531.0, 523.0, 513.0, 515.0, 515.0, 529.0, 550.0, 595.0, 591.0, 569.0, 465.0, 313.0, 0.0, 0.0, 0.0, 0.0, 0.0, 0.0, 0.0, 0.0, 0.0, 0.0, 0.0, 0.0, 0.0, 0.0, 0.0, 0.0, 0.0, 0.0, 0.0, 0.0, 0.0, 0.0, 0.0, 661.0, 695.0, 818.0, 864.0, 875.0, 878.0, 885.0, 884.0, 878.0, 873.0, 876.0, 877.0, 872.0, 873.0, 870.0, 869.0, 877.0, 870.0, 862.0, 866.0, 868.0, 871.0, 864.0, 866.0, 871.0, 856.0, 863.0, 870.0, 859.0, 863.0, 854.0, 858.0, 839.0, 740.0, 740.0, 0.0, 0.0, 0.0, 0.0, 0.0, 0.0, 0.0, 0.0, 0.0, 0.0, 0.0, 0.0, 0.0, 0.0, 0.0, 0.0, 0.0, 0.0, 0.0, 0.0, 0.0, 0.0, 0.0, 693.0, 748.0, 803.0, 814.0, 809.0, 812.0, 817.0, 805.0, 821.0, 811.0, 808.0, 806.0, 810.0, 803.0, 795.0, 798.0, 794.0, 791.0, 799.0, 810.0, 822.0, 819.0, 810.0, 594.0, 610.0, 538.0, 513.0, 499.0, 506.0, 512.0, 509.0, 504.0, 503.0, 489.0, 509.0, 509.0, 516.0, 509.0, 526.0, 529.0, 477.0, 830.0, 656.0, 633.0, 604.0, 596.0, 494.0, 582.0, 677.0, 773.0, 830.0, 826.0, 840.0, 841.0, 841.0, 836.0, 180.0, 671.0, 676.0, 683.0, 691.0, 689.0, 681.0, 674.0, 649.0, 618.0, 606.0, 707.0, 750.0, 794.0, 900.0, 905.0, 889.0, 880.0, 877.0, 863.0, 848.0, 854.0, 860.0, 857.0, 844.0, 852.0, 833.0, 843.0, 841.0, 829.0, 835.0, 826.0, 819.0, 796.0, 788.0, 767.0, 752.0, 743.0, 732.0, 903.0, 606.0, 649.0, 758.0, 865.0, 872.0, 873.0, 884.0, 874.0, 837.0, 833.0, 862.0, 919.0, 895.0, 980.0, 969.0, 957.0, 985.0, 1005.0, 998.0, 1000.0, 1002.0, 994.0, 1012.0, 1025.0, 1016.0, 1009.0, 981.0, 865.0, 861.0, 853.0, 1063.0, 995.0, 912.0, 912.0, 910.0, 902.0, 900.0, 905.0, 922.0, 936.0, 936.0, 930.0, 937.0, 936.0, 936.0, 928.0, 927.0, 931.0, 932.0, 934.0, 928.0, 939.0, 923.0, 937.0, 955.0, 936.0, 902.0, 899.0, 876.0, 878.0, 889.0, 883.0, 893.0, 905.0, 912.0, 921.0, 920.0, 915.0, 920.0, 922.0, 923.0, 923.0, 930.0, 902.0, 890.0, 901.0, 916.0, 926.0, 929.0, 926.0, 926.0, 883.0, 496.0, 471.0, 467.0, 491.0, 503.0, 1034.0, 917.0, 924.0, 922.0, 922.0, 921.0, 930.0, 1126.0, 1126.0, 1134.0, 996.0, 975.0, 958.0, 955.0, 937.0, 1178.0, 1037.0, 1017.0, 1046.0, 1043.0, 982.0, 986.0, 1292.0, 1372.0, 828.0, 828.0, 1294.0, 1076.0, 1117.0, 1120.0, 1137.0, 1128.0, 1134.0, 1126.0, 1302.0, 955.0, 977.0, 1062.0, 1043.0, 939.0, 895.0, 898.0, 1002.0, 1169.0, 1314.0, 1316.0, 1314.0, 1312.0, 1312.0, 1311.0, 1311.0, 1313.0, 1306.0, 1306.0, 1308.0, 1308.0, 1328.0, 1318.0, 1317.0, 1306.0, 1306.0, 1308.0, 1302.0, 1299.0, 1302.0, 1302.0, 1302.0, 1298.0, 1292.0, 1293.0, 1292.0, 1292.0, 1297.0, 1297.0, 1299.0, 1295.0, 1293.0, 1297.0, 1296.0, 1296.0, 1299.0, 1306.0, 1305.0, 1305.0, 1305.0, 1295.0, 1296.0, 1299.0, 1299.0, 1296.0, 1293.0, 1292.0, 1305.0, 1295.0, 1276.0, 1277.0, 1263.0, 1266.0, 1263.0, 1257.0, 1263.0, 1258.0, 1259.0, 1250.0, 1241.0, 1238.0, 1225.0, 1250.0, 1240.0, 1243.0, 1229.0]