header: 
  seq: 426
  stamp: 
    secs: 1545151127
    nsecs: 974252418
  frame_id: "base_link"
angle_min: -2.35619449615
angle_max: 2.35619449615
angle_increment: 0.00436332309619
time_increment: 1.73611151695e-05
scan_time: 0.0250000003725
range_min: 0.019999999553
range_max: 30.0
ranges: [0.14900000393390656, 0.1379999965429306, 0.14100000262260437, 0.14800000190734863, 0.1509999930858612, 0.15600000321865082, 0.15700000524520874, 0.1809999942779541, 0.19499999284744263, 0.21899999678134918, 0.24699999392032623, 0.24699999392032623, 0.2590000033378601, 0.3400000035762787, 0.40299999713897705, 0.3959999978542328, 0.5149999856948853, 0.5299999713897705, 0.5329999923706055, 0.5569999814033508, 0.5740000009536743, 0.5759999752044678, 0.5870000123977661, 0.578000009059906, 0.5720000267028809, 0.5659999847412109, 0.5680000185966492, 0.5640000104904175, 0.5730000138282776, 0.5809999704360962, 0.5809999704360962, 0.5879999995231628, 0.5889999866485596, 0.5920000076293945, 0.5979999899864197, 0.6000000238418579, 0.5989999771118164, 0.5989999771118164, 0.6019999980926514, 0.6039999723434448, 0.6110000014305115, 0.6110000014305115, 0.6110000014305115, 0.6079999804496765, 0.6119999885559082, 0.6169999837875366, 0.6169999837875366, 0.6159999966621399, 0.6230000257492065, 0.625, 0.6269999742507935, 0.6320000290870667, 0.6380000114440918, 0.6399999856948853, 0.6399999856948853, 0.6299999952316284, 0.621999979019165, 0.6010000109672546, 0.5569999814033508, 0.5180000066757202, 0.43299999833106995, 0.3700000047683716, 0.36399999260902405, 0.3230000138282776, 0.2549999952316284, 0.36500000953674316, 0.3869999945163727, 0.44699999690055847, 0.5099999904632568, 0.5730000138282776, 0.6399999856948853, 0.6620000004768372, 0.6710000038146973, 0.6850000023841858, 0.699999988079071, 0.699999988079071, 0.7049999833106995, 0.7099999785423279, 0.7110000252723694, 0.7089999914169312, 0.7080000042915344, 0.7099999785423279, 0.7129999995231628, 0.7139999866485596, 0.7160000205039978, 0.7260000109672546, 0.7350000143051147, 0.7369999885559082, 0.7429999709129333, 0.7490000128746033, 0.7519999742507935, 0.7549999952316284, 0.7570000290870667, 0.7590000033378601, 0.765999972820282, 0.7730000019073486, 0.7710000276565552, 0.7730000019073486, 0.7789999842643738, 0.7870000004768372, 0.7910000085830688, 0.7919999957084656, 0.7879999876022339, 0.7960000038146973, 0.8069999814033508, 0.8090000152587891, 0.8180000185966492, 0.8209999799728394, 0.828000009059906, 0.8309999704360962, 0.8349999785423279, 0.8379999995231628, 0.8460000157356262, 0.8389999866485596, 0.8510000109672546, 0.8539999723434448, 0.8690000176429749, 0.8690000176429749, 0.8759999871253967, 0.8640000224113464, 0.8859999775886536, 0.8550000190734863, 0.8610000014305115, 0.8479999899864197, 0.8360000252723694, 0.8579999804496765, 0.8740000128746033, 0.902999997138977, 0.9129999876022339, 0.9010000228881836, 0.8930000066757202, 0.9010000228881836, 0.8949999809265137, 0.8840000033378601, 0.8949999809265137, 0.8949999809265137, 0.8980000019073486, 0.8980000019073486, 0.8980000019073486, 0.902999997138977, 0.9110000133514404, 0.9179999828338623, 0.9200000166893005, 0.9139999747276306, 0.9190000295639038, 0.9229999780654907, 0.9269999861717224, 0.9309999942779541, 0.9350000023841858, 0.9350000023841858, 0.9319999814033508, 0.9319999814033508, 0.9390000104904175, 0.9380000233650208, 0.9449999928474426, 0.9520000219345093, 0.9580000042915344, 0.9649999737739563, 0.9549999833106995, 0.9559999704360962, 0.9580000042915344, 0.9679999947547913, 0.9700000286102295, 0.9459999799728394, 0.9419999718666077, 0.9599999785423279, 0.9580000042915344, 0.9549999833106995, 0.9559999704360962, 0.9490000009536743, 0.9449999928474426, 0.9380000233650208, 0.9419999718666077, 0.9480000138282776, 0.953000009059906, 0.9610000252723694, 0.9760000109672546, 0.9760000109672546, 1.0, 0.9990000128746033, 0.9940000176429749, 0.9769999980926514, 0.9940000176429749, 0.9850000143051147, 0.968999981880188, 0.9779999852180481, 0.9729999899864197, 0.9679999947547913, 0.9620000123977661, 0.9620000123977661, 65.53299713134766, 65.53299713134766, 0.39500001072883606, 0.40299999713897705, 0.4230000078678131, 0.42100000381469727, 0.41600000858306885, 0.4449999928474426, 0.453000009059906, 0.453000009059906, 0.4480000138282776, 0.45500001311302185, 0.460999995470047, 0.45899999141693115, 0.453000009059906, 0.4580000042915344, 0.4740000069141388, 0.4740000069141388, 0.4690000116825104, 0.4620000123977661, 0.4580000042915344, 0.46299999952316284, 0.46799999475479126, 0.4699999988079071, 0.46399998664855957, 0.46700000762939453, 0.4830000102519989, 0.4779999852180481, 0.47699999809265137, 0.4830000102519989, 0.4830000102519989, 0.49000000953674316, 0.49000000953674316, 0.49799999594688416, 0.4950000047683716, 0.4909999966621399, 0.48899999260902405, 0.4860000014305115, 0.49799999594688416, 0.5019999742507935, 0.5019999742507935, 0.5, 0.4970000088214874, 0.5049999952316284, 0.5080000162124634, 0.503000020980835, 0.5019999742507935, 0.5099999904632568, 0.5149999856948853, 0.5139999985694885, 0.515999972820282, 0.5199999809265137, 0.527999997138977, 0.5350000262260437, 0.5370000004768372, 0.5440000295639038, 0.550000011920929, 0.5590000152587891, 0.5590000152587891, 0.5640000104904175, 0.574999988079071, 0.574999988079071, 0.5669999718666077, 0.5669999718666077, 0.5690000057220459, 0.5759999752044678, 0.5849999785423279, 0.5809999704360962, 0.5920000076293945, 0.6019999980926514, 0.5950000286102295, 0.6050000190734863, 0.6129999756813049, 0.6240000128746033, 0.6240000128746033, 0.6209999918937683, 0.6330000162124634, 0.6299999952316284, 0.628000020980835, 0.6449999809265137, 0.6449999809265137, 0.6510000228881836, 0.656000018119812, 0.6669999957084656, 0.6710000038146973, 0.6669999957084656, 0.6930000185966492, 0.7009999752044678, 0.6930000185966492, 0.6869999766349792, 0.6990000009536743, 0.7059999704360962, 0.7049999833106995, 0.7049999833106995, 0.7120000123977661, 0.722000002861023, 0.7170000076293945, 0.7319999933242798, 0.7490000128746033, 0.7559999823570251, 0.7689999938011169, 0.8080000281333923, 0.8090000152587891, 0.9779999852180481, 1.0959999561309814, 1.1069999933242798, 1.1670000553131104, 1.1770000457763672, 1.1770000457763672, 1.2669999599456787, 1.305999994277954, 1.2960000038146973, 1.350000023841858, 1.3489999771118164, 1.3270000219345093, 1.3170000314712524, 1.3329999446868896, 1.3240000009536743, 1.3279999494552612, 1.312999963760376, 1.2940000295639038, 1.253999948501587, 1.2410000562667847, 1.187000036239624, 1.11899995803833, 1.1160000562667847, 1.2009999752044678, 1.184999942779541, 1.1920000314712524, 1.1950000524520874, 1.2000000476837158, 1.2120000123977661, 1.2100000381469727, 1.2070000171661377, 1.2120000123977661, 1.2070000171661377, 1.2139999866485596, 1.2200000286102295, 1.218000054359436, 1.2050000429153442, 1.218000054359436, 1.2230000495910645, 1.218999981880188, 1.215999960899353, 1.215999960899353, 1.222000002861023, 1.2300000190734863, 1.2300000190734863, 1.2289999723434448, 1.2289999723434448, 1.2330000400543213, 1.2400000095367432, 1.2359999418258667, 1.2359999418258667, 1.24399995803833, 1.2510000467300415, 1.2580000162124634, 1.2580000162124634, 1.2580000162124634, 1.2640000581741333, 1.2630000114440918, 1.2589999437332153, 1.2589999437332153, 1.2619999647140503, 1.2699999809265137, 1.2699999809265137, 1.2719999551773071, 1.277999997138977, 1.2640000581741333, 1.2740000486373901, 1.2719999551773071, 1.281999945640564, 1.284999966621399, 1.284000039100647, 1.2760000228881836, 1.2760000228881836, 1.2860000133514404, 1.2960000038146973, 1.2960000038146973, 1.2990000247955322, 1.305999994277954, 1.3140000104904175, 1.3170000314712524, 1.3179999589920044, 1.3179999589920044, 1.3209999799728394, 1.3220000267028809, 1.3309999704360962, 1.3309999704360962, 1.3309999704360962, 1.3359999656677246, 1.3450000286102295, 1.3509999513626099, 1.3550000190734863, 1.3559999465942383, 1.3559999465942383, 1.3589999675750732, 1.3639999628067017, 1.36899995803833, 1.3739999532699585, 1.371999979019165, 1.3769999742507935, 1.3839999437332153, 1.3890000581741333, 1.399999976158142, 1.4040000438690186, 1.409000039100647, 1.406999945640564, 1.4110000133514404, 1.4160000085830688, 1.4220000505447388, 1.4270000457763672, 1.440000057220459, 1.444000005722046, 1.444000005722046, 1.4479999542236328, 1.4529999494552612, 1.4550000429153442, 1.4609999656677246, 1.468999981880188, 1.468000054359436, 1.4730000495910645, 1.4769999980926514, 1.4880000352859497, 1.4910000562667847, 1.496999979019165, 1.503999948501587, 1.5099999904632568, 1.5219999551773071, 1.527999997138977, 1.5329999923706055, 1.534999966621399, 1.534000039100647, 1.5369999408721924, 1.5460000038146973, 1.5529999732971191, 1.5570000410079956, 1.5670000314712524, 1.5700000524520874, 1.5740000009536743, 1.5779999494552612, 1.5920000076293945, 1.593000054359436, 1.5980000495910645, 1.6150000095367432, 1.6169999837875366, 1.6239999532699585, 1.63100004196167, 1.6410000324249268, 1.649999976158142, 1.656000018119812, 1.6670000553131104, 1.6690000295639038, 1.690000057220459, 1.6859999895095825, 1.6890000104904175, 1.6970000267028809, 1.7070000171661377, 1.715999960899353, 1.7280000448226929, 1.7419999837875366, 1.7480000257492065, 1.753999948501587, 1.7569999694824219, 1.774999976158142, 1.7760000228881836, 1.7899999618530273, 1.7970000505447388, 1.8070000410079956, 1.7890000343322754, 1.7879999876022339, 1.7879999876022339, 1.781000018119812, 1.7760000228881836, 1.7680000066757202, 1.7619999647140503, 1.7630000114440918, 1.7569999694824219, 1.746999979019165, 1.74399995803833, 1.7369999885559082, 1.7339999675750732, 1.725000023841858, 1.718999981880188, 1.7120000123977661, 1.7029999494552612, 1.6990000009536743, 1.6920000314712524, 1.6729999780654907, 1.6540000438690186, 1.2039999961853027, 0.9150000214576721, 0.875, 0.8529999852180481, 0.8299999833106995, 0.8199999928474426, 0.8149999976158142, 0.7950000166893005, 0.7940000295639038, 0.7950000166893005, 0.7900000214576721, 0.7879999876022339, 0.7860000133514404, 0.7850000262260437, 0.7940000295639038, 0.7929999828338623, 0.7829999923706055, 0.7699999809265137, 0.7559999823570251, 0.7509999871253967, 0.7509999871253967, 0.734000027179718, 0.7110000252723694, 0.6959999799728394, 0.6970000267028809, 0.7039999961853027, 0.7049999833106995, 0.7160000205039978, 0.7200000286102295, 0.718999981880188, 0.718999981880188, 0.7200000286102295, 0.7139999866485596, 0.7080000042915344, 0.7039999961853027, 0.6990000009536743, 0.703000009059906, 0.7039999961853027, 0.7039999961853027, 0.6959999799728394, 0.6880000233650208, 0.6869999766349792, 0.6869999766349792, 0.6890000104904175, 0.6880000233650208, 0.6880000233650208, 0.6800000071525574, 0.6800000071525574, 0.6679999828338623, 0.6549999713897705, 0.6460000276565552, 0.6480000019073486, 0.6480000019073486, 0.6460000276565552, 0.6460000276565552, 0.6579999923706055, 0.6690000295639038, 0.6710000038146973, 0.6610000133514404, 0.6610000133514404, 0.6610000133514404, 0.6620000004768372, 0.6539999842643738, 0.6489999890327454, 0.6389999985694885, 0.6330000162124634, 0.6290000081062317, 0.6290000081062317, 0.628000020980835, 0.628000020980835, 0.625, 0.625, 0.6259999871253967, 0.625, 0.6209999918937683, 0.6069999933242798, 0.5789999961853027, 0.546999990940094, 0.5370000004768372, 0.5370000004768372, 0.5429999828338623, 0.5429999828338623, 0.5429999828338623, 0.5440000295639038, 0.5440000295639038, 0.546999990940094, 0.5550000071525574, 0.5519999861717224, 0.5609999895095825, 0.5580000281333923, 0.5569999814033508, 0.5569999814033508, 0.5440000295639038, 0.5460000038146973, 0.5440000295639038, 0.5559999942779541, 0.5569999814033508, 0.5550000071525574, 0.5559999942779541, 0.5559999942779541, 0.5590000152587891, 0.5550000071525574, 0.5540000200271606, 0.5540000200271606, 0.5540000200271606, 0.5509999990463257, 0.5370000004768372, 0.5370000004768372, 0.5419999957084656, 0.5370000004768372, 0.5360000133514404, 0.5419999957084656, 0.546999990940094, 0.5410000085830688, 0.5350000262260437, 0.5329999923706055, 0.5299999713897705, 0.5289999842643738, 0.5370000004768372, 0.531000018119812, 0.5289999842643738, 0.5350000262260437, 0.5400000214576721, 0.5370000004768372, 0.5339999794960022, 0.5370000004768372, 0.5370000004768372, 0.5350000262260437, 0.5339999794960022, 0.5339999794960022, 0.5339999794960022, 0.5379999876022339, 0.5450000166893005, 0.5550000071525574, 0.550000011920929, 0.546999990940094, 0.5429999828338623, 0.5450000166893005, 0.5509999990463257, 0.5559999942779541, 0.5569999814033508, 0.5580000281333923, 0.5569999814033508, 0.5569999814033508, 0.5559999942779541, 0.5600000023841858, 0.5550000071525574, 0.5659999847412109, 0.5569999814033508, 0.5640000104904175, 0.5669999718666077, 0.5720000267028809, 0.5720000267028809, 0.5709999799728394, 0.574999988079071, 0.5849999785423279, 0.6639999747276306, 0.722000002861023, 0.578000009059906, 3.2279999256134033, 3.2309999465942383, 3.2290000915527344, 3.234999895095825, 3.23799991607666, 3.240999937057495, 3.240999937057495, 3.246999979019165, 3.25, 3.246999979019165, 3.247999906539917, 3.256999969482422, 3.257999897003174, 3.259000062942505, 3.2639999389648438, 3.2690000534057617, 3.2690000534057617, 3.2690000534057617, 3.2690000534057617, 3.2750000953674316, 3.2799999713897705, 3.2820000648498535, 3.2739999294281006, 3.2679998874664307, 3.197999954223633, 3.109999895095825, 3.066999912261963, 3.0739998817443848, 3.1679999828338623, 3.364000082015991, 3.321000099182129, 11.050000190734863, 11.050000190734863, 11.086000442504883, 11.08899974822998, 11.100000381469727, 11.116000175476074, 11.116000175476074, 11.125, 11.147000312805176, 11.170999526977539, 11.182000160217285, 11.199000358581543, 11.220000267028809, 11.23799991607666, 11.251999855041504, 11.25100040435791, 11.277999877929688, 11.303999900817871, 11.307999610900879, 11.317999839782715, 11.336999893188477, 11.359999656677246, 11.380000114440918, 11.395999908447266, 11.406000137329102, 11.437999725341797, 11.440999984741211, 11.449000358581543, 11.454999923706055, 11.41100025177002, 11.3100004196167, 11.263999938964844, 11.258000373840332, 11.265000343322754, 11.267000198364258, 11.295999526977539, 65.53299713134766, 65.53299713134766, 65.53299713134766, 65.53299713134766, 65.53299713134766, 65.53299713134766, 65.53299713134766, 65.53299713134766, 65.53299713134766, 65.53299713134766, 65.53299713134766, 65.53299713134766, 65.53299713134766, 65.53299713134766, 65.53299713134766, 65.53299713134766, 65.53299713134766, 65.53299713134766, 65.53299713134766, 65.53299713134766, 65.53299713134766, 65.53299713134766, 65.53299713134766, 3.937999963760376, 3.937999963760376, 3.9059998989105225, 3.9030001163482666, 3.9089999198913574, 3.9119999408721924, 3.9260001182556152, 3.930000066757202, 3.947000026702881, 3.9590001106262207, 3.9700000286102295, 3.9809999465942383, 4.000999927520752, 4.006999969482422, 4.017000198364258, 4.0289998054504395, 4.0329999923706055, 4.046999931335449, 4.057000160217285, 4.074999809265137, 4.0879998207092285, 4.105999946594238, 4.110000133514404, 4.117000102996826, 4.136000156402588, 4.150000095367432, 4.164000034332275, 4.171000003814697, 4.185999870300293, 4.204999923706055, 4.210000038146973, 4.2220001220703125, 4.2210001945495605, 4.2129998207092285, 4.2129998207092285, 65.53299713134766, 65.53299713134766, 65.53299713134766, 65.53299713134766, 65.53299713134766, 65.53299713134766, 65.53299713134766, 65.53299713134766, 65.53299713134766, 65.53299713134766, 65.53299713134766, 65.53299713134766, 65.53299713134766, 65.53299713134766, 65.53299713134766, 65.53299713134766, 65.53299713134766, 65.53299713134766, 65.53299713134766, 65.53299713134766, 65.53299713134766, 65.53299713134766, 65.53299713134766, 4.696000099182129, 4.696000099182129, 4.696000099182129, 4.7230000495910645, 4.744999885559082, 4.758999824523926, 4.785999774932861, 4.808000087738037, 4.8379998207092285, 4.848999977111816, 4.86899995803833, 4.895999908447266, 4.918000221252441, 4.934000015258789, 4.949999809265137, 4.978000164031982, 4.998000144958496, 5.0370001792907715, 5.053999900817871, 5.057000160217285, 5.054999828338623, 5.0279998779296875, 5.008999824523926, 3.384999990463257, 3.375, 3.4030001163482666, 3.440999984741211, 3.447000026702881, 3.4670000076293945, 3.499000072479248, 3.5199999809265137, 3.5280001163482666, 3.549999952316284, 3.565000057220459, 3.5840001106262207, 3.63100004196167, 3.63700008392334, 3.6630001068115234, 3.6579999923706055, 3.6760001182556152, 3.6710000038146973, 4.659999847412109, 4.639999866485596, 4.639999866485596, 4.635000228881836, 4.629000186920166, 4.506999969482422, 4.374000072479248, 4.4679999351501465, 4.563000202178955, 4.559999942779541, 4.551000118255615, 4.533999919891357, 4.514999866485596, 4.5, 4.486000061035156, 3.0179998874664307, 2.989000082015991, 2.9719998836517334, 2.9839999675750732, 2.9860000610351562, 3.0, 3.0230000019073486, 3.0429999828338623, 3.0380001068115234, 3.0350000858306885, 3.0429999828338623, 3.135999917984009, 3.1489999294281006, 3.1630001068115234, 3.2230000495910645, 3.252000093460083, 3.2799999713897705, 3.309999942779541, 3.3239998817443848, 3.3399999141693115, 3.3580000400543213, 3.3980000019073486, 3.424999952316284, 3.4560000896453857, 3.4779999256134033, 3.502000093460083, 3.5390000343322754, 3.565999984741211, 3.5999999046325684, 3.6389999389648438, 3.6640000343322754, 3.677000045776367, 3.7209999561309814, 3.743000030517578, 3.7750000953674316, 3.808000087738037, 3.8310000896453857, 3.865000009536743, 3.875, 3.4860000610351562, 3.0759999752044678, 3.0929999351501465, 3.0889999866485596, 3.118000030517578, 3.0980000495910645, 3.0929999351501465, 3.0739998817443848, 3.071000099182129, 3.0409998893737793, 3.0329999923706055, 3.0309998989105225, 3.0859999656677246, 3.063999891281128, 3.072000026702881, 3.058000087738037, 3.058000087738037, 3.059000015258789, 3.059000015258789, 3.0460000038146973, 3.0450000762939453, 3.0429999828338623, 3.0420000553131104, 3.046999931335449, 3.0439999103546143, 3.0369999408721924, 3.015000104904175, 3.009000062942505, 2.930000066757202, 2.924999952316284, 2.9690001010894775, 3.2049999237060547, 3.861999988555908, 3.884000062942505, 3.8940000534057617, 3.884999990463257, 3.878999948501587, 3.864000082015991, 3.8529999256134033, 3.8499999046325684, 3.8469998836517334, 3.8469998836517334, 3.8459999561309814, 3.8369998931884766, 3.8289999961853027, 3.828000068664551, 3.8269999027252197, 3.821000099182129, 3.811000108718872, 3.809000015258789, 3.802000045776367, 3.802999973297119, 3.799999952316284, 3.802000045776367, 3.8010001182556152, 3.8010001182556152, 3.7980000972747803, 3.7869999408721924, 3.7679998874664307, 3.742000102996826, 3.7249999046325684, 3.7139999866485596, 3.7279999256134033, 3.756999969482422, 3.763000011444092, 3.763000011444092, 3.765000104904175, 3.76200008392334, 3.757999897003174, 3.7690000534057617, 3.7709999084472656, 3.7660000324249268, 3.7690000534057617, 3.760999917984009, 3.753999948501587, 3.753999948501587, 3.749000072479248, 3.743000030517578, 3.74399995803833, 3.752000093460083, 3.746999979019165, 3.7249999046325684, 3.7190001010894775, 3.2790000438690186, 3.2290000915527344, 3.2070000171661377, 3.1530001163482666, 3.382999897003174, 3.382999897003174, 3.7219998836517334, 3.74399995803833, 3.739000082015991, 3.7290000915527344, 3.7279999256134033, 3.7190001010894775, 3.259000062942505, 3.2300000190734863, 3.263000011444092, 3.4010000228881836, 3.4089999198913574, 3.4119999408721924, 3.4030001163482666, 3.3519999980926514, 2.3450000286102295, 2.263000011444092, 2.2339999675750732, 2.2230000495910645, 2.2130000591278076, 2.2300000190734863, 2.246000051498413, 2.378999948501587, 2.6459999084472656, 3.7249999046325684, 3.7249999046325684, 2.1610000133514404, 1.9630000591278076, 1.9390000104904175, 1.9040000438690186, 1.8869999647140503, 1.8819999694824219, 1.875, 1.8600000143051147, 1.0390000343322754, 0.902999997138977, 0.8679999709129333, 0.8640000224113464, 0.8619999885559082, 0.8730000257492065, 0.8669999837875366, 0.8659999966621399, 0.8759999871253967, 0.8759999871253967, 0.8799999952316284, 0.8799999952316284, 0.875, 0.8799999952316284, 0.8859999775886536, 0.8859999775886536, 0.8870000243186951, 0.8859999775886536, 0.8759999871253967, 0.8769999742507935, 0.890999972820282, 0.8939999938011169, 0.8920000195503235, 0.8920000195503235, 0.8930000066757202, 0.8939999938011169, 0.8939999938011169, 0.8980000019073486, 0.8999999761581421, 0.8999999761581421, 0.9070000052452087, 0.9089999794960022, 0.9010000228881836, 0.8999999761581421, 0.9139999747276306, 0.9169999957084656, 0.9200000166893005, 0.9179999828338623, 0.9179999828338623, 0.9179999828338623, 0.9190000295639038, 0.9269999861717224, 0.9269999861717224, 0.9190000295639038, 0.9160000085830688, 0.9079999923706055, 0.9070000052452087, 0.9200000166893005, 0.9160000085830688, 0.9100000262260437, 0.9070000052452087, 0.8960000276565552, 0.8849999904632568, 0.8600000143051147, 0.8880000114440918, 0.9079999923706055, 0.921999990940094, 0.9120000004768372, 0.9259999990463257, 0.9409999847412109, 0.9610000252723694, 0.9629999995231628, 0.9710000157356262, 0.9760000109672546, 0.9800000190734863, 0.9829999804496765, 0.9879999756813049, 0.9869999885559082, 0.9869999885559082, 0.9950000047683716, 1.0069999694824219, 1.0110000371932983, 1.0099999904632568, 1.0130000114440918, 1.0169999599456787, 1.0299999713897705, 1.034999966621399]
intensities: [512.0, 514.0, 526.0, 531.0, 527.0, 522.0, 524.0, 532.0, 524.0, 518.0, 516.0, 516.0, 526.0, 600.0, 675.0, 655.0, 833.0, 863.0, 878.0, 965.0, 1035.0, 1044.0, 1102.0, 1101.0, 1142.0, 1124.0, 1171.0, 1175.0, 1200.0, 1220.0, 1220.0, 1264.0, 1264.0, 1266.0, 1294.0, 1327.0, 1329.0, 1349.0, 1358.0, 1371.0, 1378.0, 1378.0, 1374.0, 1407.0, 1381.0, 1373.0, 1367.0, 1361.0, 1391.0, 1409.0, 1397.0, 1378.0, 1410.0, 1383.0, 1383.0, 1319.0, 1267.0, 1209.0, 1138.0, 1134.0, 1066.0, 985.0, 1011.0, 901.0, 754.0, 977.0, 1005.0, 1073.0, 1080.0, 1093.0, 1109.0, 1125.0, 1121.0, 1100.0, 1102.0, 1102.0, 1110.0, 1097.0, 1108.0, 1094.0, 1088.0, 1101.0, 1118.0, 1121.0, 1133.0, 1186.0, 1244.0, 1254.0, 1286.0, 1294.0, 1319.0, 1326.0, 1329.0, 1318.0, 1290.0, 1288.0, 1284.0, 1287.0, 1295.0, 1299.0, 1307.0, 1315.0, 1280.0, 1267.0, 1265.0, 1274.0, 1270.0, 1259.0, 1246.0, 1249.0, 1244.0, 1233.0, 1263.0, 1218.0, 1261.0, 1270.0, 1318.0, 1317.0, 1328.0, 1144.0, 886.0, 440.0, 401.0, 382.0, 368.0, 410.0, 497.0, 750.0, 834.0, 824.0, 804.0, 807.0, 802.0, 788.0, 796.0, 786.0, 780.0, 781.0, 781.0, 782.0, 792.0, 798.0, 793.0, 781.0, 773.0, 775.0, 775.0, 782.0, 782.0, 786.0, 766.0, 766.0, 769.0, 764.0, 782.0, 801.0, 801.0, 804.0, 771.0, 775.0, 780.0, 794.0, 798.0, 748.0, 727.0, 751.0, 745.0, 742.0, 727.0, 696.0, 695.0, 695.0, 695.0, 692.0, 688.0, 684.0, 695.0, 695.0, 742.0, 733.0, 723.0, 678.0, 710.0, 672.0, 624.0, 611.0, 587.0, 551.0, 518.0, 518.0, 0.0, 0.0, 538.0, 616.0, 651.0, 607.0, 563.0, 710.0, 757.0, 768.0, 772.0, 788.0, 797.0, 795.0, 785.0, 780.0, 782.0, 782.0, 777.0, 769.0, 756.0, 761.0, 751.0, 749.0, 741.0, 729.0, 746.0, 734.0, 734.0, 731.0, 722.0, 713.0, 713.0, 712.0, 700.0, 703.0, 686.0, 681.0, 681.0, 674.0, 674.0, 665.0, 659.0, 648.0, 628.0, 611.0, 615.0, 610.0, 611.0, 602.0, 602.0, 593.0, 594.0, 589.0, 586.0, 584.0, 581.0, 579.0, 579.0, 564.0, 554.0, 554.0, 552.0, 540.0, 534.0, 527.0, 522.0, 514.0, 521.0, 508.0, 505.0, 508.0, 505.0, 503.0, 495.0, 487.0, 484.0, 475.0, 469.0, 471.0, 469.0, 460.0, 455.0, 455.0, 453.0, 427.0, 434.0, 438.0, 429.0, 414.0, 406.0, 382.0, 368.0, 368.0, 364.0, 345.0, 337.0, 343.0, 336.0, 312.0, 310.0, 315.0, 290.0, 430.0, 563.0, 542.0, 541.0, 542.0, 532.0, 507.0, 470.0, 489.0, 465.0, 473.0, 481.0, 476.0, 466.0, 469.0, 496.0, 498.0, 518.0, 528.0, 558.0, 609.0, 685.0, 771.0, 1106.0, 1056.0, 1128.0, 1140.0, 1125.0, 1151.0, 1134.0, 1118.0, 1146.0, 1120.0, 1128.0, 1137.0, 1154.0, 1123.0, 1144.0, 1134.0, 1132.0, 1137.0, 1139.0, 1154.0, 1126.0, 1126.0, 1129.0, 1129.0, 1129.0, 1138.0, 1147.0, 1148.0, 1148.0, 1130.0, 1139.0, 1144.0, 1142.0, 1116.0, 1128.0, 1120.0, 1120.0, 1131.0, 1137.0, 1137.0, 1137.0, 1133.0, 1131.0, 1122.0, 1109.0, 1109.0, 1112.0, 1129.0, 1113.0, 1101.0, 1123.0, 1116.0, 1112.0, 1107.0, 1112.0, 1090.0, 1089.0, 1093.0, 1093.0, 1113.0, 1108.0, 1097.0, 1097.0, 1104.0, 1100.0, 1107.0, 1104.0, 1099.0, 1095.0, 1080.0, 1096.0, 1096.0, 1107.0, 1119.0, 1109.0, 1086.0, 1094.0, 1080.0, 1095.0, 1091.0, 1080.0, 1081.0, 1087.0, 1083.0, 1096.0, 1096.0, 1104.0, 1113.0, 1113.0, 1113.0, 1095.0, 1102.0, 1102.0, 1103.0, 1101.0, 1109.0, 1116.0, 1109.0, 1099.0, 1102.0, 1103.0, 1099.0, 1097.0, 1103.0, 1110.0, 1095.0, 1089.0, 1100.0, 1114.0, 1087.0, 1093.0, 1097.0, 1091.0, 1091.0, 1091.0, 1095.0, 1082.0, 1092.0, 1094.0, 1091.0, 1097.0, 1081.0, 1111.0, 1093.0, 1083.0, 1081.0, 1071.0, 1103.0, 1082.0, 1076.0, 1082.0, 1077.0, 1068.0, 1066.0, 1086.0, 1095.0, 1112.0, 1106.0, 1099.0, 1083.0, 1080.0, 1043.0, 930.0, 826.0, 865.0, 1033.0, 1066.0, 1088.0, 1090.0, 1104.0, 1110.0, 1106.0, 1105.0, 1100.0, 1107.0, 1126.0, 1108.0, 1106.0, 1122.0, 1102.0, 1108.0, 1107.0, 1107.0, 1134.0, 1306.0, 1395.0, 1392.0, 1341.0, 1182.0, 1123.0, 1198.0, 1262.0, 1339.0, 1427.0, 1526.0, 1566.0, 1588.0, 1661.0, 1743.0, 1764.0, 1573.0, 1473.0, 1537.0, 1568.0, 1568.0, 1501.0, 1477.0, 1556.0, 1661.0, 1706.0, 1713.0, 1843.0, 1904.0, 1959.0, 1934.0, 1655.0, 1609.0, 1608.0, 1683.0, 1703.0, 1618.0, 1537.0, 1502.0, 1388.0, 1377.0, 1391.0, 1391.0, 1456.0, 1466.0, 1472.0, 1352.0, 1352.0, 1292.0, 1230.0, 1190.0, 1179.0, 1147.0, 1145.0, 1169.0, 1237.0, 1330.0, 1411.0, 1416.0, 1468.0, 1483.0, 1499.0, 1451.0, 1449.0, 1447.0, 1496.0, 1504.0, 1504.0, 1429.0, 1411.0, 1397.0, 1397.0, 1403.0, 1409.0, 1381.0, 1359.0, 1424.0, 1654.0, 1936.0, 1936.0, 2008.0, 2008.0, 1959.0, 1901.0, 1901.0, 1820.0, 1740.0, 1541.0, 1478.0, 1493.0, 1498.0, 1560.0, 1611.0, 1713.0, 1779.0, 1879.0, 1975.0, 1989.0, 1977.0, 1977.0, 1860.0, 1847.0, 1821.0, 1774.0, 1738.0, 1711.0, 1771.0, 1771.0, 1796.0, 1801.0, 1805.0, 1801.0, 1805.0, 1786.0, 1767.0, 1772.0, 1771.0, 1770.0, 1823.0, 1777.0, 1721.0, 1680.0, 1615.0, 1594.0, 1575.0, 1573.0, 1612.0, 1658.0, 1628.0, 1628.0, 1628.0, 1553.0, 1462.0, 1449.0, 1439.0, 1435.0, 1437.0, 1428.0, 1436.0, 1412.0, 1408.0, 1384.0, 1368.0, 1321.0, 1238.0, 1252.0, 1138.0, 1178.0, 1110.0, 1129.0, 1094.0, 1080.0, 1085.0, 1105.0, 1118.0, 1096.0, 1471.0, 1384.0, 448.0, 962.0, 971.0, 962.0, 982.0, 968.0, 976.0, 976.0, 972.0, 978.0, 974.0, 973.0, 979.0, 969.0, 960.0, 959.0, 966.0, 971.0, 991.0, 991.0, 981.0, 982.0, 989.0, 970.0, 962.0, 893.0, 862.0, 860.0, 852.0, 732.0, 656.0, 555.0, 460.0, 460.0, 522.0, 529.0, 529.0, 531.0, 531.0, 531.0, 523.0, 534.0, 535.0, 544.0, 527.0, 530.0, 530.0, 517.0, 528.0, 532.0, 529.0, 528.0, 520.0, 518.0, 527.0, 538.0, 526.0, 524.0, 515.0, 512.0, 518.0, 540.0, 555.0, 592.0, 592.0, 572.0, 496.0, 447.0, 0.0, 0.0, 0.0, 0.0, 0.0, 0.0, 0.0, 0.0, 0.0, 0.0, 0.0, 0.0, 0.0, 0.0, 0.0, 0.0, 0.0, 0.0, 0.0, 0.0, 0.0, 0.0, 0.0, 724.0, 724.0, 814.0, 863.0, 886.0, 886.0, 886.0, 881.0, 872.0, 874.0, 868.0, 876.0, 879.0, 878.0, 871.0, 868.0, 870.0, 867.0, 861.0, 865.0, 873.0, 867.0, 861.0, 866.0, 860.0, 857.0, 860.0, 857.0, 865.0, 861.0, 862.0, 866.0, 833.0, 731.0, 731.0, 0.0, 0.0, 0.0, 0.0, 0.0, 0.0, 0.0, 0.0, 0.0, 0.0, 0.0, 0.0, 0.0, 0.0, 0.0, 0.0, 0.0, 0.0, 0.0, 0.0, 0.0, 0.0, 0.0, 772.0, 772.0, 772.0, 808.0, 809.0, 810.0, 815.0, 811.0, 818.0, 800.0, 809.0, 815.0, 803.0, 807.0, 796.0, 797.0, 794.0, 783.0, 797.0, 805.0, 834.0, 811.0, 789.0, 602.0, 600.0, 531.0, 513.0, 515.0, 524.0, 523.0, 520.0, 506.0, 509.0, 505.0, 513.0, 533.0, 529.0, 531.0, 507.0, 541.0, 498.0, 713.0, 588.0, 588.0, 585.0, 574.0, 468.0, 591.0, 688.0, 785.0, 830.0, 829.0, 833.0, 839.0, 833.0, 831.0, 152.0, 674.0, 656.0, 698.0, 693.0, 694.0, 682.0, 658.0, 647.0, 644.0, 621.0, 709.0, 749.0, 790.0, 893.0, 877.0, 880.0, 881.0, 875.0, 857.0, 849.0, 860.0, 855.0, 859.0, 841.0, 841.0, 836.0, 838.0, 840.0, 836.0, 825.0, 821.0, 812.0, 797.0, 787.0, 767.0, 759.0, 752.0, 743.0, 902.0, 599.0, 659.0, 730.0, 892.0, 865.0, 889.0, 842.0, 863.0, 823.0, 830.0, 826.0, 963.0, 925.0, 977.0, 965.0, 960.0, 956.0, 999.0, 988.0, 1008.0, 997.0, 995.0, 1017.0, 1022.0, 1022.0, 994.0, 988.0, 854.0, 849.0, 853.0, 1070.0, 994.0, 922.0, 911.0, 904.0, 910.0, 909.0, 917.0, 918.0, 927.0, 927.0, 931.0, 923.0, 927.0, 923.0, 930.0, 926.0, 926.0, 928.0, 930.0, 926.0, 919.0, 924.0, 932.0, 935.0, 932.0, 917.0, 893.0, 887.0, 882.0, 883.0, 888.0, 896.0, 898.0, 898.0, 919.0, 920.0, 919.0, 915.0, 917.0, 913.0, 925.0, 915.0, 901.0, 899.0, 903.0, 921.0, 923.0, 943.0, 936.0, 907.0, 932.0, 481.0, 489.0, 477.0, 484.0, 1041.0, 1041.0, 906.0, 920.0, 918.0, 916.0, 924.0, 924.0, 1118.0, 1123.0, 1115.0, 985.0, 958.0, 958.0, 951.0, 957.0, 1155.0, 1033.0, 1017.0, 1055.0, 1051.0, 976.0, 969.0, 1282.0, 1389.0, 893.0, 893.0, 1354.0, 1073.0, 1105.0, 1123.0, 1127.0, 1134.0, 1120.0, 1127.0, 1301.0, 971.0, 981.0, 1046.0, 1053.0, 952.0, 893.0, 900.0, 1002.0, 1174.0, 1314.0, 1314.0, 1314.0, 1314.0, 1318.0, 1313.0, 1315.0, 1313.0, 1291.0, 1302.0, 1311.0, 1311.0, 1308.0, 1311.0, 1310.0, 1311.0, 1311.0, 1306.0, 1305.0, 1290.0, 1303.0, 1305.0, 1308.0, 1300.0, 1299.0, 1297.0, 1298.0, 1297.0, 1297.0, 1297.0, 1296.0, 1299.0, 1299.0, 1288.0, 1295.0, 1302.0, 1295.0, 1296.0, 1298.0, 1299.0, 1299.0, 1301.0, 1297.0, 1320.0, 1312.0, 1288.0, 1281.0, 1295.0, 1295.0, 1285.0, 1272.0, 1276.0, 1246.0, 1266.0, 1267.0, 1267.0, 1248.0, 1241.0, 1241.0, 1237.0, 1247.0, 1248.0, 1236.0, 1241.0, 1252.0, 1230.0, 1233.0]