header: 
  seq: 146
  stamp: 
    secs: 1545151120
    nsecs: 960319863
  frame_id: "base_link"
angle_min: -2.35619449615
angle_max: 2.35619449615
angle_increment: 0.00436332309619
time_increment: 1.73611151695e-05
scan_time: 0.0250000003725
range_min: 0.019999999553
range_max: 30.0
ranges: [0.15700000524520874, 0.14399999380111694, 0.13099999725818634, 0.13699999451637268, 0.15299999713897705, 0.1599999964237213, 0.17800000309944153, 0.18299999833106995, 0.19900000095367432, 0.21799999475479126, 0.23600000143051147, 0.29600000381469727, 0.29600000381469727, 0.3140000104904175, 0.41100001335144043, 0.4189999997615814, 0.527999997138977, 0.5270000100135803, 0.5450000166893005, 0.5329999923706055, 0.5720000267028809, 0.5759999752044678, 0.578000009059906, 0.574999988079071, 0.5730000138282776, 0.5730000138282776, 0.5609999895095825, 0.5630000233650208, 0.5669999718666077, 0.5789999961853027, 0.5879999995231628, 0.5870000123977661, 0.5820000171661377, 0.5870000123977661, 0.5929999947547913, 0.5929999947547913, 0.6019999980926514, 0.6019999980926514, 0.6029999852180481, 0.6069999933242798, 0.6079999804496765, 0.6069999933242798, 0.6119999885559082, 0.6119999885559082, 0.6119999885559082, 0.6140000224113464, 0.6200000047683716, 0.6200000047683716, 0.6200000047683716, 0.6190000176429749, 0.6200000047683716, 0.625, 0.6340000033378601, 0.6399999856948853, 0.6380000114440918, 0.6299999952316284, 0.6230000257492065, 0.5979999899864197, 0.5609999895095825, 0.49399998784065247, 0.4350000023841858, 0.39399999380111694, 0.24799999594688416, 0.27799999713897705, 0.3409999907016754, 0.3540000021457672, 0.414000004529953, 0.4440000057220459, 0.5090000033378601, 0.5619999766349792, 0.6399999856948853, 0.6639999747276306, 0.6809999942779541, 0.6919999718666077, 0.6970000267028809, 0.6949999928474426, 0.7020000219345093, 0.7070000171661377, 0.7120000123977661, 0.7110000252723694, 0.7110000252723694, 0.7110000252723694, 0.7139999866485596, 0.7120000123977661, 0.734000027179718, 0.7329999804496765, 0.7329999804496765, 0.7379999756813049, 0.7400000095367432, 0.7459999918937683, 0.7519999742507935, 0.7590000033378601, 0.7630000114440918, 0.7720000147819519, 0.7739999890327454, 0.7649999856948853, 0.7749999761581421, 0.7760000228881836, 0.7860000133514404, 0.7860000133514404, 0.7860000133514404, 0.7839999794960022, 0.7900000214576721, 0.7929999828338623, 0.8050000071525574, 0.8080000281333923, 0.8130000233650208, 0.8169999718666077, 0.8259999752044678, 0.828000009059906, 0.828000009059906, 0.8330000042915344, 0.847000002861023, 0.8450000286102295, 0.847000002861023, 0.8640000224113464, 0.8690000176429749, 0.8740000128746033, 0.875, 0.8679999709129333, 0.8849999904632568, 0.8429999947547913, 0.8479999899864197, 0.8339999914169312, 0.8399999737739563, 0.8339999914169312, 0.8930000066757202, 0.8920000195503235, 0.890999972820282, 0.890999972820282, 0.8980000019073486, 0.8920000195503235, 0.8939999938011169, 0.8920000195503235, 0.8920000195503235, 0.890999972820282, 0.8970000147819519, 0.902999997138977, 0.902999997138977, 0.8980000019073486, 0.9110000133514404, 0.9169999957084656, 0.9160000085830688, 0.906000018119812, 0.9120000004768372, 0.9169999957084656, 0.921999990940094, 0.9290000200271606, 0.9259999990463257, 0.9200000166893005, 0.9190000295639038, 0.9290000200271606, 0.9259999990463257, 0.9319999814033508, 0.9279999732971191, 0.9559999704360962, 0.9610000252723694, 0.9679999947547913, 0.9649999737739563, 0.9649999737739563, 0.9670000076293945, 0.9670000076293945, 0.9700000286102295, 0.9399999976158142, 0.9710000157356262, 0.9710000157356262, 0.9710000157356262, 0.9559999704360962, 0.9459999799728394, 0.9409999847412109, 0.9490000009536743, 0.9559999704360962, 0.9559999704360962, 0.9580000042915344, 0.9599999785423279, 0.9599999785423279, 0.9810000061988831, 0.9879999756813049, 1.0010000467300415, 0.9959999918937683, 0.9959999918937683, 0.9869999885559082, 0.984000027179718, 0.9990000128746033, 0.9789999723434448, 0.9789999723434448, 0.9599999785423279, 0.9649999737739563, 0.9620000123977661, 0.47699999809265137, 65.53299713134766, 65.53299713134766, 65.53299713134766, 0.4020000100135803, 0.4020000100135803, 0.42100000381469727, 0.4449999928474426, 0.4399999976158142, 0.4480000138282776, 0.45399999618530273, 0.45399999618530273, 0.4560000002384186, 0.453000009059906, 0.4659999907016754, 0.4569999873638153, 0.460999995470047, 0.46799999475479126, 0.4740000069141388, 0.4779999852180481, 0.4740000069141388, 0.46700000762939453, 0.4729999899864197, 0.4690000116825104, 0.4740000069141388, 0.47200000286102295, 0.47200000286102295, 0.4790000021457672, 0.47699999809265137, 0.4779999852180481, 0.4740000069141388, 0.4749999940395355, 0.4830000102519989, 0.4970000088214874, 0.4970000088214874, 0.4950000047683716, 0.49900001287460327, 0.5049999952316284, 0.49799999594688416, 0.4909999966621399, 0.5009999871253967, 0.5090000033378601, 0.5040000081062317, 0.5019999742507935, 0.5120000243186951, 0.5099999904632568, 0.5099999904632568, 0.5109999775886536, 0.5189999938011169, 0.527999997138977, 0.5410000085830688, 0.5379999876022339, 0.5339999794960022, 0.5360000133514404, 0.5400000214576721, 0.5509999990463257, 0.5509999990463257, 0.5550000071525574, 0.5550000071525574, 0.5590000152587891, 0.5619999766349792, 0.5720000267028809, 0.5789999961853027, 0.5730000138282776, 0.5730000138282776, 0.5789999961853027, 0.5709999799728394, 0.5809999704360962, 0.5820000171661377, 0.6060000061988831, 0.597000002861023, 0.5920000076293945, 0.6029999852180481, 0.6000000238418579, 0.6079999804496765, 0.6179999709129333, 0.6110000014305115, 0.6209999918937683, 0.6290000081062317, 0.6290000081062317, 0.628000020980835, 0.6430000066757202, 0.6370000243186951, 0.6589999794960022, 0.6520000100135803, 0.6439999938011169, 0.6700000166893005, 0.6650000214576721, 0.6830000281333923, 0.6859999895095825, 0.6859999895095825, 0.6990000009536743, 0.7049999833106995, 0.7020000219345093, 0.7329999804496765, 0.718999981880188, 0.718999981880188, 0.7509999871253967, 0.7390000224113464, 0.7609999775886536, 0.7730000019073486, 0.7850000262260437, 0.8009999990463257, 0.8769999742507935, 0.9739999771118164, 0.8100000023841858, 1.0729999542236328, 1.1440000534057617, 1.190999984741211, 1.2130000591278076, 1.319000005722046, 1.2719999551773071, 1.284000039100647, 1.2990000247955322, 1.3370000123977661, 1.3300000429153442, 1.3320000171661377, 1.3339999914169312, 1.3300000429153442, 1.3079999685287476, 1.3040000200271606, 1.2910000085830688, 1.25600004196167, 1.215000033378601, 1.1779999732971191, 1.1160000562667847, 1.1490000486373901, 1.1829999685287476, 1.187999963760376, 1.1920000314712524, 1.1920000314712524, 1.1920000314712524, 1.1959999799728394, 1.2059999704360962, 1.2109999656677246, 1.2130000591278076, 1.2120000123977661, 1.2120000123977661, 1.2059999704360962, 1.2050000429153442, 1.215000033378601, 1.215999960899353, 1.2170000076293945, 1.218000054359436, 1.2200000286102295, 1.2230000495910645, 1.218999981880188, 1.225000023841858, 1.2259999513626099, 1.2350000143051147, 1.2339999675750732, 1.2350000143051147, 1.2369999885559082, 1.2410000562667847, 1.2410000562667847, 1.2389999628067017, 1.246000051498413, 1.253000020980835, 1.246999979019165, 1.2510000467300415, 1.2510000467300415, 1.2549999952316284, 1.2580000162124634, 1.2549999952316284, 1.2580000162124634, 1.2630000114440918, 1.2710000276565552, 1.2710000276565552, 1.2740000486373901, 1.2790000438690186, 1.281000018119812, 1.284999966621399, 1.2879999876022339, 1.2829999923706055, 1.281999945640564, 1.2920000553131104, 1.2929999828338623, 1.2929999828338623, 1.3009999990463257, 1.3020000457763672, 1.3040000200271606, 1.3049999475479126, 1.309999942779541, 1.309999942779541, 1.315000057220459, 1.3229999542236328, 1.3270000219345093, 1.3229999542236328, 1.3229999542236328, 1.3229999542236328, 1.3279999494552612, 1.3329999446868896, 1.3350000381469727, 1.3450000286102295, 1.3530000448226929, 1.3509999513626099, 1.3509999513626099, 1.3550000190734863, 1.3580000400543213, 1.3600000143051147, 1.3730000257492065, 1.3730000257492065, 1.3739999532699585, 1.3739999532699585, 1.3830000162124634, 1.3919999599456787, 1.3949999809265137, 1.4019999504089355, 1.406000018119812, 1.406999945640564, 1.406999945640564, 1.4129999876022339, 1.4210000038146973, 1.4229999780654907, 1.4270000457763672, 1.434999942779541, 1.437000036239624, 1.440999984741211, 1.444000005722046, 1.4539999961853027, 1.4620000123977661, 1.468999981880188, 1.4730000495910645, 1.4769999980926514, 1.4769999980926514, 1.4830000400543213, 1.4889999628067017, 1.503999948501587, 1.5080000162124634, 1.5169999599456787, 1.5180000066757202, 1.5180000066757202, 1.5199999809265137, 1.5369999408721924, 1.5399999618530273, 1.5410000085830688, 1.5460000038146973, 1.5449999570846558, 1.5640000104904175, 1.5709999799728394, 1.5750000476837158, 1.5770000219345093, 1.5859999656677246, 1.5859999656677246, 1.600000023841858, 1.6119999885559082, 1.6139999628067017, 1.6239999532699585, 1.6319999694824219, 1.6380000114440918, 1.6549999713897705, 1.656999945640564, 1.6579999923706055, 1.6699999570846558, 1.6829999685287476, 1.6890000104904175, 1.694000005722046, 1.7100000381469727, 1.7139999866485596, 1.718000054359436, 1.7309999465942383, 1.7400000095367432, 1.7430000305175781, 1.75, 1.7610000371932983, 1.7740000486373901, 1.7799999713897705, 1.7910000085830688, 1.8040000200271606, 1.8040000200271606, 1.8029999732971191, 1.7999999523162842, 1.784000039100647, 1.784999966621399, 1.7740000486373901, 1.7649999856948853, 1.7619999647140503, 1.753999948501587, 1.7480000257492065, 1.746000051498413, 1.7410000562667847, 1.7389999628067017, 1.7239999771118164, 1.718999981880188, 1.715000033378601, 1.7139999866485596, 1.7039999961853027, 1.6929999589920044, 1.6859999895095825, 1.6469999551773071, 1.4160000085830688, 0.9549999833106995, 0.8889999985694885, 0.8659999966621399, 0.847000002861023, 0.8309999704360962, 0.8149999976158142, 0.800000011920929, 0.7879999876022339, 0.7940000295639038, 0.7839999794960022, 0.781000018119812, 0.781000018119812, 0.7839999794960022, 0.7839999794960022, 0.7839999794960022, 0.7900000214576721, 0.7739999890327454, 0.7649999856948853, 0.7570000290870667, 0.7480000257492065, 0.7419999837875366, 0.7279999852180481, 0.7039999961853027, 0.6959999799728394, 0.6959999799728394, 0.6949999928474426, 0.7080000042915344, 0.7149999737739563, 0.718999981880188, 0.7200000286102295, 0.7200000286102295, 0.7039999961853027, 0.6990000009536743, 0.6980000138282776, 0.6970000267028809, 0.6949999928474426, 0.6940000057220459, 0.6940000057220459, 0.6859999895095825, 0.6779999732971191, 0.6779999732971191, 0.6809999942779541, 0.6850000023841858, 0.6890000104904175, 0.6880000233650208, 0.6830000281333923, 0.6769999861717224, 0.6710000038146973, 0.6610000133514404, 0.6549999713897705, 0.6520000100135803, 0.6470000147819519, 0.6449999809265137, 0.6449999809265137, 0.6359999775886536, 0.6320000290870667, 0.6489999890327454, 0.6520000100135803, 0.6589999794960022, 0.6610000133514404, 0.6539999842643738, 0.6470000147819519, 0.6439999938011169, 0.640999972820282, 0.6389999985694885, 0.6389999985694885, 0.6309999823570251, 0.628000020980835, 0.625, 0.6190000176429749, 0.621999979019165, 0.6179999709129333, 0.621999979019165, 0.6179999709129333, 0.6179999709129333, 0.6119999885559082, 0.5920000076293945, 0.5559999942779541, 0.5509999990463257, 0.5389999747276306, 0.5360000133514404, 0.5379999876022339, 0.5389999747276306, 0.5360000133514404, 0.5360000133514404, 0.5440000295639038, 0.550000011920929, 0.5540000200271606, 0.5619999766349792, 0.5580000281333923, 0.5529999732971191, 0.5460000038146973, 0.5410000085830688, 0.5360000133514404, 0.5370000004768372, 0.5379999876022339, 0.5339999794960022, 0.5440000295639038, 0.5540000200271606, 0.5569999814033508, 0.5580000281333923, 0.5479999780654907, 0.5479999780654907, 0.5490000247955322, 0.5490000247955322, 0.5400000214576721, 0.5370000004768372, 0.5389999747276306, 0.5389999747276306, 0.5389999747276306, 0.5410000085830688, 0.5400000214576721, 0.5419999957084656, 0.5379999876022339, 0.5289999842643738, 0.5289999842643738, 0.5299999713897705, 0.5299999713897705, 0.5360000133514404, 0.5419999957084656, 0.5410000085830688, 0.5429999828338623, 0.5360000133514404, 0.5360000133514404, 0.5370000004768372, 0.5329999923706055, 0.5329999923706055, 0.531000018119812, 0.5320000052452087, 0.531000018119812, 0.5350000262260437, 0.5320000052452087, 0.5320000052452087, 0.5320000052452087, 0.5370000004768372, 0.5389999747276306, 0.5410000085830688, 0.5410000085830688, 0.5509999990463257, 0.5529999732971191, 0.5529999732971191, 0.5519999861717224, 0.5550000071525574, 0.5490000247955322, 0.5519999861717224, 0.5479999780654907, 0.5479999780654907, 0.550000011920929, 0.5559999942779541, 0.5550000071525574, 0.5569999814033508, 0.5590000152587891, 0.5580000281333923, 0.5569999814033508, 0.5669999718666077, 0.5770000219345093, 0.5820000171661377, 0.6970000267028809, 0.6079999804496765, 0.5899999737739563, 3.2360000610351562, 3.239000082015991, 3.240000009536743, 3.240000009536743, 3.24399995803833, 3.246000051498413, 3.246999979019165, 3.246000051498413, 3.244999885559082, 3.253000020980835, 3.259999990463257, 3.259999990463257, 3.260999917984009, 3.263000011444092, 3.25600004196167, 3.25600004196167, 3.260999917984009, 3.265000104904175, 3.2679998874664307, 3.2780001163482666, 3.2799999713897705, 3.2769999504089355, 3.2699999809265137, 3.2060000896453857, 3.1089999675750732, 3.0810000896453857, 3.115000009536743, 3.253999948501587, 3.3359999656677246, 3.361999988555908, 10.994999885559082, 11.043999671936035, 11.086000442504883, 11.086000442504883, 11.095000267028809, 11.112000465393066, 11.125, 11.137999534606934, 11.152999877929688, 11.170999526977539, 11.175999641418457, 11.192999839782715, 11.223999977111816, 11.232000350952148, 11.229999542236328, 11.256999969482422, 11.262999534606934, 11.284000396728516, 11.312999725341797, 11.321000099182129, 11.335000038146973, 11.35200023651123, 11.383000373840332, 11.387999534606934, 11.402999877929688, 11.427000045776367, 11.444999694824219, 11.458000183105469, 11.458999633789062, 11.428000450134277, 11.307000160217285, 11.253999710083008, 11.25100040435791, 11.260000228881836, 11.288000106811523, 11.28600025177002, 65.53299713134766, 65.53299713134766, 65.53299713134766, 65.53299713134766, 65.53299713134766, 65.53299713134766, 65.53299713134766, 65.53299713134766, 65.53299713134766, 65.53299713134766, 65.53299713134766, 65.53299713134766, 65.53299713134766, 65.53299713134766, 65.53299713134766, 65.53299713134766, 65.53299713134766, 65.53299713134766, 65.53299713134766, 65.53299713134766, 65.53299713134766, 65.53299713134766, 65.53299713134766, 3.934000015258789, 3.934000015258789, 3.924999952316284, 3.9149999618530273, 3.9070000648498535, 3.924999952316284, 3.9260001182556152, 3.931999921798706, 3.941999912261963, 3.9670000076293945, 3.9670000076293945, 3.9839999675750732, 3.986999988555908, 3.994999885559082, 4.010000228881836, 4.019999980926514, 4.0289998054504395, 4.058000087738037, 4.052999973297119, 4.072999954223633, 4.074999809265137, 4.0929999351501465, 4.105999946594238, 4.127999782562256, 4.135000228881836, 4.13700008392334, 4.1579999923706055, 4.164999961853027, 4.182000160217285, 4.192999839782715, 4.210999965667725, 4.215000152587891, 4.228000164031982, 4.199999809265137, 4.199999809265137, 65.53299713134766, 65.53299713134766, 65.53299713134766, 65.53299713134766, 65.53299713134766, 65.53299713134766, 65.53299713134766, 65.53299713134766, 65.53299713134766, 65.53299713134766, 65.53299713134766, 65.53299713134766, 65.53299713134766, 65.53299713134766, 65.53299713134766, 65.53299713134766, 65.53299713134766, 65.53299713134766, 65.53299713134766, 65.53299713134766, 65.53299713134766, 65.53299713134766, 65.53299713134766, 4.682000160217285, 4.702000141143799, 4.7210001945495605, 4.723999977111816, 4.745999813079834, 4.767000198364258, 4.781000137329102, 4.821000099182129, 4.827000141143799, 4.840000152587891, 4.869999885559082, 4.89900016784668, 4.9120001792907715, 4.938000202178955, 4.953999996185303, 4.96999979019165, 5.007999897003174, 5.020999908447266, 5.045000076293945, 5.056000232696533, 5.060999870300293, 5.020999908447266, 5.011000156402588, 3.390000104904175, 3.390000104904175, 3.4210000038146973, 3.441999912261963, 3.4560000896453857, 3.49399995803833, 3.5, 3.5299999713897705, 3.5329999923706055, 3.552999973297119, 3.5759999752044678, 3.6029999256134033, 3.614000082015991, 3.621000051498413, 3.6480000019073486, 3.687000036239624, 3.694999933242798, 3.6760001182556152, 4.659999847412109, 4.64300012588501, 4.622000217437744, 4.632999897003174, 4.632999897003174, 4.480000019073486, 4.383999824523926, 4.4670000076293945, 4.550000190734863, 4.545000076293945, 4.541999816894531, 4.543000221252441, 4.510000228881836, 4.502999782562256, 4.501999855041504, 4.486000061035156, 2.990000009536743, 2.989000082015991, 2.9790000915527344, 2.9830000400543213, 3.003000020980835, 3.0209999084472656, 3.0390000343322754, 3.0460000038146973, 3.0409998893737793, 3.0490000247955322, 3.075000047683716, 3.118000030517578, 3.1630001068115234, 3.2230000495910645, 3.25600004196167, 3.2739999294281006, 3.305000066757202, 3.312999963760376, 3.3399999141693115, 3.367000102996826, 3.3929998874664307, 3.4089999198913574, 3.4570000171661377, 3.4739999771118164, 3.503999948501587, 3.5369999408721924, 3.563999891281128, 3.5920000076293945, 3.621999979019165, 3.6489999294281006, 3.691999912261963, 3.7209999561309814, 3.740999937057495, 3.7780001163482666, 3.7980000972747803, 3.822999954223633, 3.867000102996826, 3.867000102996826, 3.493000030517578, 3.0759999752044678, 3.0880000591278076, 3.0850000381469727, 3.109999895095825, 3.0929999351501465, 3.0820000171661377, 3.072999954223633, 3.065999984741211, 3.052000045776367, 3.062000036239624, 3.0390000343322754, 3.0769999027252197, 3.065000057220459, 3.069000005722046, 3.062999963760376, 3.062000036239624, 3.063999891281128, 3.062999963760376, 3.055000066757202, 3.0429999828338623, 3.0309998989105225, 3.0360000133514404, 3.0390000343322754, 3.0420000553131104, 3.0339999198913574, 3.01200008392334, 3.009000062942505, 2.943000078201294, 2.921999931335449, 2.9690001010894775, 3.197999954223633, 3.861999988555908, 3.884999990463257, 3.8889999389648438, 3.88700008392334, 3.877000093460083, 3.865999937057495, 3.8589999675750732, 3.8459999561309814, 3.8440001010894775, 3.8399999141693115, 3.8380000591278076, 3.8359999656677246, 3.8320000171661377, 3.828000068664551, 3.8239998817443848, 3.822000026702881, 3.812000036239624, 3.812000036239624, 3.812000036239624, 3.809000015258789, 3.803999900817871, 3.8010001182556152, 3.796999931335449, 3.7990000247955322, 3.7939999103546143, 3.7769999504089355, 3.76200008392334, 3.75600004196167, 3.7309999465942383, 3.7160000801086426, 3.7300000190734863, 3.763000011444092, 3.7690000534057617, 3.7790000438690186, 3.7760000228881836, 3.7760000228881836, 3.7730000019073486, 3.7709999084472656, 3.765000104904175, 3.7679998874664307, 3.752000093460083, 3.752000093460083, 3.7230000495910645, 3.757999897003174, 3.755000114440918, 3.746999979019165, 3.743000030517578, 3.752000093460083, 3.743000030517578, 3.73799991607666, 3.6740000247955322, 3.2699999809265137, 3.2049999237060547, 3.194999933242798, 3.1519999504089355, 3.375, 3.375, 3.7160000801086426, 3.734999895095825, 3.7290000915527344, 3.7279999256134033, 3.7279999256134033, 3.7109999656677246, 3.250999927520752, 3.2290000915527344, 3.3259999752044678, 3.4079999923706055, 3.4159998893737793, 3.4179999828338623, 3.4010000228881836, 3.381999969482422, 2.3559999465942383, 2.2950000762939453, 2.243000030517578, 2.2290000915527344, 2.2190001010894775, 2.239000082015991, 2.260999917984009, 2.3540000915527344, 2.6649999618530273, 3.742000102996826, 3.742000102996826, 2.197999954223633, 1.9639999866485596, 1.9459999799728394, 1.9079999923706055, 1.8899999856948853, 1.8869999647140503, 1.8869999647140503, 1.878999948501587, 1.0609999895095825, 0.9139999747276306, 0.8769999742507935, 0.8690000176429749, 0.8669999837875366, 0.8669999837875366, 0.8679999709129333, 0.8679999709129333, 0.8880000114440918, 0.8619999885559082, 0.8679999709129333, 0.8700000047683716, 0.8700000047683716, 0.875, 0.8799999952316284, 0.8799999952316284, 0.8790000081062317, 0.878000020980835, 0.8799999952316284, 0.878000020980835, 0.8799999952316284, 0.8989999890327454, 0.8989999890327454, 0.890999972820282, 0.8949999809265137, 0.8949999809265137, 0.8949999809265137, 0.8889999985694885, 0.8899999856948853, 0.8949999809265137, 0.8980000019073486, 0.9010000228881836, 0.9010000228881836, 0.902999997138977, 0.9070000052452087, 0.9110000133514404, 0.9120000004768372, 0.9139999747276306, 0.9160000085830688, 0.9139999747276306, 0.9169999957084656, 0.9139999747276306, 0.9110000133514404, 0.9139999747276306, 0.9139999747276306, 0.9200000166893005, 0.9139999747276306, 0.9100000262260437, 0.9100000262260437, 0.9169999957084656, 0.9129999876022339, 0.9100000262260437, 0.8980000019073486, 0.8930000066757202, 0.9150000214576721, 0.9139999747276306, 0.9139999747276306, 0.9139999747276306, 0.9139999747276306, 0.9240000247955322, 0.9539999961853027, 0.9660000205039978, 0.9729999899864197, 0.9829999804496765, 0.9900000095367432, 0.9919999837875366, 0.9940000176429749, 0.9990000128746033, 0.9980000257492065, 1.0010000467300415, 1.0, 1.0089999437332153, 1.0110000371932983, 1.0149999856948853, 1.0180000066757202, 1.0169999599456787, 1.0290000438690186]
intensities: [527.0, 521.0, 533.0, 528.0, 525.0, 522.0, 529.0, 534.0, 538.0, 516.0, 514.0, 563.0, 563.0, 584.0, 674.0, 655.0, 845.0, 859.0, 924.0, 914.0, 1024.0, 1044.0, 1080.0, 1091.0, 1113.0, 1166.0, 1163.0, 1181.0, 1197.0, 1223.0, 1234.0, 1267.0, 1247.0, 1286.0, 1313.0, 1325.0, 1360.0, 1360.0, 1375.0, 1377.0, 1386.0, 1375.0, 1387.0, 1387.0, 1380.0, 1377.0, 1379.0, 1379.0, 1388.0, 1402.0, 1426.0, 1388.0, 1387.0, 1420.0, 1372.0, 1300.0, 1322.0, 1172.0, 1149.0, 1145.0, 1083.0, 998.0, 716.0, 790.0, 932.0, 957.0, 1026.0, 1043.0, 1088.0, 1096.0, 1101.0, 1102.0, 1117.0, 1092.0, 1092.0, 1085.0, 1103.0, 1103.0, 1099.0, 1106.0, 1118.0, 1118.0, 1130.0, 1126.0, 1220.0, 1238.0, 1238.0, 1259.0, 1299.0, 1284.0, 1303.0, 1322.0, 1328.0, 1316.0, 1316.0, 1305.0, 1301.0, 1284.0, 1322.0, 1319.0, 1319.0, 1302.0, 1303.0, 1274.0, 1267.0, 1269.0, 1259.0, 1271.0, 1242.0, 1242.0, 1240.0, 1240.0, 1242.0, 1228.0, 1242.0, 1271.0, 1296.0, 1344.0, 1327.0, 1116.0, 810.0, 420.0, 407.0, 377.0, 378.0, 404.0, 461.0, 759.0, 814.0, 809.0, 818.0, 805.0, 794.0, 789.0, 793.0, 790.0, 791.0, 793.0, 793.0, 778.0, 783.0, 792.0, 782.0, 766.0, 772.0, 767.0, 773.0, 773.0, 775.0, 772.0, 760.0, 761.0, 754.0, 759.0, 760.0, 811.0, 807.0, 814.0, 799.0, 799.0, 803.0, 803.0, 794.0, 739.0, 773.0, 765.0, 765.0, 735.0, 709.0, 693.0, 691.0, 689.0, 690.0, 687.0, 688.0, 689.0, 735.0, 744.0, 753.0, 730.0, 730.0, 709.0, 689.0, 682.0, 626.0, 626.0, 575.0, 546.0, 525.0, 178.0, 0.0, 0.0, 0.0, 655.0, 593.0, 593.0, 650.0, 692.0, 759.0, 777.0, 777.0, 795.0, 787.0, 791.0, 781.0, 781.0, 774.0, 775.0, 763.0, 763.0, 756.0, 757.0, 749.0, 755.0, 743.0, 734.0, 737.0, 728.0, 727.0, 718.0, 717.0, 712.0, 717.0, 712.0, 706.0, 694.0, 693.0, 690.0, 680.0, 672.0, 665.0, 648.0, 637.0, 638.0, 621.0, 621.0, 611.0, 610.0, 600.0, 601.0, 600.0, 597.0, 591.0, 589.0, 585.0, 584.0, 586.0, 574.0, 568.0, 561.0, 564.0, 560.0, 545.0, 541.0, 539.0, 522.0, 530.0, 521.0, 531.0, 516.0, 506.0, 509.0, 502.0, 500.0, 497.0, 475.0, 475.0, 472.0, 472.0, 471.0, 478.0, 452.0, 450.0, 442.0, 432.0, 437.0, 421.0, 421.0, 401.0, 401.0, 408.0, 372.0, 358.0, 365.0, 344.0, 330.0, 339.0, 323.0, 325.0, 323.0, 313.0, 317.0, 388.0, 447.0, 293.0, 511.0, 572.0, 542.0, 513.0, 468.0, 493.0, 483.0, 483.0, 452.0, 483.0, 483.0, 483.0, 491.0, 494.0, 506.0, 525.0, 547.0, 573.0, 610.0, 653.0, 830.0, 1060.0, 1099.0, 1113.0, 1125.0, 1125.0, 1117.0, 1119.0, 1133.0, 1142.0, 1140.0, 1148.0, 1138.0, 1128.0, 1127.0, 1127.0, 1133.0, 1130.0, 1138.0, 1121.0, 1136.0, 1141.0, 1141.0, 1147.0, 1143.0, 1138.0, 1142.0, 1141.0, 1135.0, 1129.0, 1124.0, 1145.0, 1116.0, 1157.0, 1128.0, 1137.0, 1137.0, 1134.0, 1134.0, 1131.0, 1136.0, 1136.0, 1139.0, 1129.0, 1122.0, 1117.0, 1129.0, 1129.0, 1116.0, 1122.0, 1115.0, 1115.0, 1123.0, 1121.0, 1119.0, 1118.0, 1118.0, 1105.0, 1114.0, 1098.0, 1111.0, 1103.0, 1109.0, 1108.0, 1096.0, 1106.0, 1095.0, 1102.0, 1111.0, 1098.0, 1098.0, 1097.0, 1097.0, 1092.0, 1092.0, 1092.0, 1086.0, 1086.0, 1082.0, 1088.0, 1077.0, 1077.0, 1077.0, 1081.0, 1086.0, 1089.0, 1098.0, 1095.0, 1083.0, 1090.0, 1091.0, 1087.0, 1091.0, 1101.0, 1105.0, 1094.0, 1095.0, 1103.0, 1095.0, 1110.0, 1098.0, 1095.0, 1102.0, 1111.0, 1108.0, 1084.0, 1091.0, 1082.0, 1097.0, 1095.0, 1103.0, 1096.0, 1102.0, 1093.0, 1093.0, 1101.0, 1098.0, 1095.0, 1092.0, 1094.0, 1082.0, 1084.0, 1095.0, 1089.0, 1101.0, 1099.0, 1094.0, 1080.0, 1076.0, 1081.0, 1073.0, 1105.0, 1079.0, 1059.0, 1086.0, 1087.0, 1085.0, 1095.0, 1101.0, 1096.0, 1095.0, 1059.0, 1048.0, 929.0, 896.0, 940.0, 978.0, 1071.0, 1098.0, 1098.0, 1097.0, 1107.0, 1107.0, 1111.0, 1114.0, 1113.0, 1113.0, 1104.0, 1103.0, 1112.0, 1099.0, 1097.0, 1085.0, 1129.0, 1230.0, 1392.0, 1387.0, 1353.0, 1375.0, 1279.0, 1214.0, 1130.0, 1248.0, 1409.0, 1447.0, 1516.0, 1598.0, 1702.0, 1702.0, 1741.0, 1737.0, 1595.0, 1519.0, 1572.0, 1568.0, 1533.0, 1454.0, 1504.0, 1589.0, 1622.0, 1691.0, 1808.0, 1914.0, 1927.0, 1916.0, 1871.0, 1616.0, 1632.0, 1651.0, 1688.0, 1722.0, 1610.0, 1504.0, 1402.0, 1340.0, 1340.0, 1319.0, 1329.0, 1409.0, 1483.0, 1491.0, 1477.0, 1426.0, 1359.0, 1345.0, 1363.0, 1272.0, 1258.0, 1258.0, 1158.0, 1110.0, 1185.0, 1245.0, 1349.0, 1370.0, 1441.0, 1559.0, 1511.0, 1534.0, 1533.0, 1501.0, 1583.0, 1576.0, 1549.0, 1491.0, 1503.0, 1430.0, 1428.0, 1380.0, 1387.0, 1430.0, 1425.0, 1596.0, 1880.0, 1949.0, 2043.0, 1981.0, 1971.0, 1961.0, 1929.0, 1784.0, 1754.0, 1707.0, 1490.0, 1486.0, 1509.0, 1487.0, 1680.0, 1798.0, 1800.0, 1802.0, 1923.0, 2011.0, 1975.0, 1969.0, 1811.0, 1846.0, 1798.0, 1705.0, 1705.0, 1725.0, 1738.0, 1815.0, 1821.0, 1821.0, 1813.0, 1792.0, 1798.0, 1786.0, 1799.0, 1798.0, 1798.0, 1795.0, 1786.0, 1863.0, 1769.0, 1815.0, 1670.0, 1670.0, 1647.0, 1603.0, 1653.0, 1662.0, 1709.0, 1728.0, 1576.0, 1545.0, 1545.0, 1536.0, 1481.0, 1479.0, 1470.0, 1463.0, 1443.0, 1426.0, 1369.0, 1319.0, 1312.0, 1232.0, 1191.0, 1151.0, 1151.0, 1110.0, 1106.0, 1104.0, 1093.0, 1081.0, 1109.0, 1116.0, 1106.0, 1123.0, 1028.0, 1953.0, 715.0, 276.0, 950.0, 970.0, 977.0, 975.0, 975.0, 967.0, 972.0, 971.0, 973.0, 968.0, 979.0, 972.0, 971.0, 971.0, 972.0, 972.0, 979.0, 981.0, 972.0, 976.0, 982.0, 957.0, 953.0, 894.0, 863.0, 860.0, 840.0, 827.0, 771.0, 626.0, 423.0, 478.0, 533.0, 530.0, 531.0, 536.0, 534.0, 524.0, 533.0, 537.0, 536.0, 527.0, 534.0, 529.0, 520.0, 530.0, 528.0, 534.0, 535.0, 531.0, 523.0, 520.0, 538.0, 526.0, 523.0, 525.0, 525.0, 521.0, 525.0, 535.0, 554.0, 586.0, 601.0, 572.0, 512.0, 442.0, 0.0, 0.0, 0.0, 0.0, 0.0, 0.0, 0.0, 0.0, 0.0, 0.0, 0.0, 0.0, 0.0, 0.0, 0.0, 0.0, 0.0, 0.0, 0.0, 0.0, 0.0, 0.0, 0.0, 723.0, 723.0, 805.0, 867.0, 886.0, 886.0, 889.0, 877.0, 878.0, 883.0, 873.0, 881.0, 869.0, 870.0, 871.0, 876.0, 875.0, 883.0, 859.0, 879.0, 866.0, 862.0, 863.0, 861.0, 874.0, 865.0, 865.0, 868.0, 873.0, 859.0, 861.0, 859.0, 836.0, 740.0, 740.0, 0.0, 0.0, 0.0, 0.0, 0.0, 0.0, 0.0, 0.0, 0.0, 0.0, 0.0, 0.0, 0.0, 0.0, 0.0, 0.0, 0.0, 0.0, 0.0, 0.0, 0.0, 0.0, 0.0, 764.0, 788.0, 812.0, 813.0, 815.0, 819.0, 809.0, 814.0, 817.0, 810.0, 814.0, 805.0, 809.0, 807.0, 794.0, 801.0, 793.0, 785.0, 794.0, 812.0, 831.0, 802.0, 773.0, 591.0, 591.0, 557.0, 540.0, 539.0, 564.0, 565.0, 549.0, 544.0, 546.0, 541.0, 551.0, 551.0, 559.0, 535.0, 572.0, 559.0, 514.0, 716.0, 600.0, 533.0, 539.0, 539.0, 431.0, 578.0, 676.0, 775.0, 825.0, 832.0, 845.0, 836.0, 836.0, 843.0, 746.0, 660.0, 686.0, 684.0, 688.0, 689.0, 689.0, 669.0, 648.0, 637.0, 618.0, 602.0, 697.0, 793.0, 887.0, 899.0, 876.0, 892.0, 877.0, 875.0, 857.0, 845.0, 851.0, 859.0, 845.0, 845.0, 841.0, 843.0, 841.0, 844.0, 834.0, 829.0, 815.0, 802.0, 786.0, 765.0, 758.0, 751.0, 751.0, 928.0, 616.0, 655.0, 708.0, 883.0, 884.0, 877.0, 870.0, 851.0, 836.0, 875.0, 849.0, 949.0, 932.0, 981.0, 982.0, 988.0, 995.0, 999.0, 994.0, 999.0, 990.0, 1006.0, 998.0, 1032.0, 1033.0, 1009.0, 1017.0, 866.0, 839.0, 839.0, 1047.0, 986.0, 907.0, 913.0, 912.0, 914.0, 915.0, 910.0, 898.0, 924.0, 937.0, 936.0, 931.0, 929.0, 929.0, 929.0, 931.0, 929.0, 940.0, 942.0, 945.0, 944.0, 935.0, 942.0, 930.0, 929.0, 905.0, 892.0, 880.0, 881.0, 872.0, 884.0, 882.0, 896.0, 923.0, 916.0, 917.0, 921.0, 915.0, 914.0, 921.0, 917.0, 917.0, 843.0, 926.0, 926.0, 940.0, 934.0, 929.0, 916.0, 921.0, 889.0, 501.0, 466.0, 470.0, 492.0, 1058.0, 1058.0, 915.0, 924.0, 923.0, 920.0, 919.0, 917.0, 1135.0, 1131.0, 1095.0, 1004.0, 971.0, 970.0, 961.0, 959.0, 1212.0, 1105.0, 1057.0, 1070.0, 1058.0, 994.0, 979.0, 1273.0, 1373.0, 901.0, 901.0, 1392.0, 1075.0, 1111.0, 1117.0, 1124.0, 1133.0, 1133.0, 1116.0, 1316.0, 983.0, 954.0, 1037.0, 1043.0, 956.0, 889.0, 889.0, 980.0, 1142.0, 1238.0, 1314.0, 1314.0, 1314.0, 1314.0, 1314.0, 1316.0, 1313.0, 1310.0, 1312.0, 1310.0, 1308.0, 1308.0, 1306.0, 1308.0, 1308.0, 1308.0, 1305.0, 1307.0, 1306.0, 1305.0, 1306.0, 1300.0, 1300.0, 1299.0, 1297.0, 1296.0, 1297.0, 1296.0, 1295.0, 1297.0, 1298.0, 1299.0, 1297.0, 1295.0, 1294.0, 1299.0, 1302.0, 1302.0, 1298.0, 1299.0, 1296.0, 1295.0, 1305.0, 1296.0, 1295.0, 1295.0, 1295.0, 1295.0, 1295.0, 1277.0, 1277.0, 1272.0, 1265.0, 1256.0, 1264.0, 1263.0, 1258.0, 1255.0, 1256.0, 1257.0, 1247.0, 1251.0, 1234.0, 1239.0, 1230.0, 1222.0]