header: 
  seq: 279
  stamp: 
    secs: 1545084464
    nsecs: 961792303
  frame_id: "base_link"
angle_min: -2.35619449615
angle_max: 2.35619449615
angle_increment: 0.00436332309619
time_increment: 1.73611151695e-05
scan_time: 0.0250000003725
range_min: 0.019999999553
range_max: 30.0
ranges: [0.15600000321865082, 0.164000004529953, 0.17499999701976776, 0.22699999809265137, 0.32600000500679016, 0.3709999918937683, 0.3330000042915344, 0.26499998569488525, 0.21299999952316284, 0.20100000500679016, 0.18400000035762787, 0.20100000500679016, 0.21400000154972076, 0.21699999272823334, 0.2240000069141388, 0.20800000429153442, 0.20600000023841858, 0.2029999941587448, 0.22100000083446503, 0.2150000035762787, 0.22300000488758087, 0.22100000083446503, 0.210999995470047, 0.2150000035762787, 0.20399999618530273, 0.21699999272823334, 0.2199999988079071, 0.23000000417232513, 0.22300000488758087, 0.22599999606609344, 0.24500000476837158, 0.24899999797344208, 0.25699999928474426, 0.3009999990463257, 0.30799999833106995, 0.3330000042915344, 0.37700000405311584, 0.40400001406669617, 0.3959999978542328, 0.3880000114440918, 0.35899999737739563, 0.32199999690055847, 0.2720000147819519, 0.20499999821186066, 0.16099999845027924, 0.10700000077486038, 0.10400000214576721, 0.11900000274181366, 0.16899999976158142, 0.13199999928474426, 0.25999999046325684, 0.29899999499320984, 0.3179999887943268, 0.35100001096725464, 0.36500000953674316, 0.34700000286102295, 0.33399999141693115, 0.335999995470047, 0.3059999942779541, 0.2809999883174896, 0.2720000147819519, 0.2630000114440918, 0.25699999928474426, 0.24799999594688416, 0.25999999046325684, 0.26499998569488525, 0.2849999964237213, 0.2840000092983246, 0.2840000092983246, 0.29100000858306885, 0.3050000071525574, 0.3400000035762787, 0.414000004529953, 0.5009999871253967, 0.574999988079071, 0.6539999842643738, 0.6959999799728394, 0.7049999833106995, 0.7279999852180481, 0.7310000061988831, 0.7329999804496765, 0.7329999804496765, 0.734000027179718, 0.7279999852180481, 0.7319999933242798, 0.7310000061988831, 0.7289999723434448, 0.7350000143051147, 0.75, 0.7519999742507935, 0.7519999742507935, 0.7639999985694885, 0.765999972820282, 0.7680000066757202, 0.7689999938011169, 0.7720000147819519, 0.7760000228881836, 0.7770000100135803, 0.7839999794960022, 0.7860000133514404, 0.7860000133514404, 0.7889999747276306, 0.796999990940094, 0.796999990940094, 0.8080000281333923, 0.8109999895095825, 0.8140000104904175, 0.8130000233650208, 0.8240000009536743, 0.8209999799728394, 0.8190000057220459, 0.8230000138282776, 0.828000009059906, 0.8299999833106995, 0.8389999866485596, 0.8389999866485596, 0.8479999899864197, 0.8479999899864197, 0.8579999804496765, 0.8669999837875366, 0.8669999837875366, 0.875, 0.8790000081062317, 0.8809999823570251, 0.8880000114440918, 0.8500000238418579, 0.8600000143051147, 0.847000002861023, 0.8740000128746033, 0.8560000061988831, 0.8769999742507935, 0.8669999837875366, 0.8799999952316284, 0.8859999775886536, 0.890999972820282, 0.8849999904632568, 0.8870000243186951, 0.8939999938011169, 0.8980000019073486, 0.8939999938011169, 0.8960000276565552, 0.8949999809265137, 0.9089999794960022, 0.9110000133514404, 0.9129999876022339, 0.9139999747276306, 0.9049999713897705, 0.9110000133514404, 0.9169999957084656, 0.9240000247955322, 0.9300000071525574, 0.9309999942779541, 0.9380000233650208, 0.9449999928474426, 0.9419999718666077, 0.9399999976158142, 0.9399999976158142, 0.9330000281333923, 0.925000011920929, 0.9240000247955322, 0.9279999732971191, 0.9330000281333923, 0.9419999718666077, 0.9419999718666077, 0.9319999814033508, 0.9380000233650208, 0.9380000233650208, 0.9340000152587891, 0.9340000152587891, 0.9300000071525574, 0.9290000200271606, 0.921999990940094, 0.9290000200271606, 0.9359999895095825, 0.9330000281333923, 0.902999997138977, 0.902999997138977, 65.53299713134766, 65.53299713134766, 0.39500001072883606, 0.3959999978542328, 0.39899998903274536, 0.43299999833106995, 0.4440000057220459, 0.44699999690055847, 0.44200000166893005, 0.4449999928474426, 0.44999998807907104, 0.4449999928474426, 0.43799999356269836, 0.44699999690055847, 0.4480000138282776, 0.44999998807907104, 0.4490000009536743, 0.4490000009536743, 0.44600000977516174, 0.44699999690055847, 0.453000009059906, 0.453000009059906, 0.4519999921321869, 0.45100000500679016, 0.45500001311302185, 0.4620000123977661, 0.46299999952316284, 0.44999998807907104, 0.44999998807907104, 0.4560000002384186, 0.460999995470047, 0.46299999952316284, 0.46299999952316284, 0.47200000286102295, 0.4650000035762787, 0.47099998593330383, 0.46799999475479126, 0.46799999475479126, 0.46700000762939453, 0.46700000762939453, 0.47699999809265137, 0.4779999852180481, 0.47999998927116394, 0.47600001096725464, 0.4740000069141388, 0.4740000069141388, 0.47699999809265137, 0.48500001430511475, 0.4869999885559082, 0.49000000953674316, 0.48399999737739563, 0.48899999260902405, 0.4959999918937683, 0.4970000088214874, 0.49900001287460327, 0.4959999918937683, 0.49300000071525574, 0.49399998784065247, 0.4959999918937683, 0.4970000088214874, 0.49799999594688416, 0.5009999871253967, 0.49900001287460327, 0.49900001287460327, 0.5, 0.5040000081062317, 0.5070000290870667, 0.5180000066757202, 0.5170000195503235, 0.5189999938011169, 0.5230000019073486, 0.5230000019073486, 0.5249999761581421, 0.5270000100135803, 0.5360000133514404, 0.5360000133514404, 0.5460000038146973, 0.5460000038146973, 0.546999990940094, 0.5519999861717224, 0.5540000200271606, 0.5699999928474426, 0.5659999847412109, 0.5619999766349792, 0.5759999752044678, 0.5730000138282776, 0.5730000138282776, 0.5910000205039978, 0.6000000238418579, 0.6000000238418579, 0.6029999852180481, 0.6119999885559082, 0.6129999756813049, 0.6190000176429749, 0.6330000162124634, 0.6380000114440918, 0.640999972820282, 0.6420000195503235, 0.6460000276565552, 0.6489999890327454, 0.6470000147819519, 0.6510000228881836, 0.6579999923706055, 0.6470000147819519, 0.6470000147819519, 0.6589999794960022, 0.6740000247955322, 0.6710000038146973, 0.6660000085830688, 0.652999997138977, 0.6499999761581421, 0.675000011920929, 0.6759999990463257, 0.6779999732971191, 0.6909999847412109, 0.6940000057220459, 0.675000011920929, 0.6850000023841858, 0.7139999866485596, 0.7049999833106995, 0.7160000205039978, 0.7239999771118164, 0.7310000061988831, 0.7369999885559082, 0.7239999771118164, 0.7409999966621399, 0.7440000176429749, 0.746999979019165, 0.671999990940094, 0.7559999823570251, 0.7609999775886536, 0.7480000257492065, 65.53299713134766, 65.53299713134766, 65.53299713134766, 65.53299713134766, 65.53299713134766, 65.53299713134766, 65.53299713134766, 65.53299713134766, 65.53299713134766, 0.9139999747276306, 0.8960000276565552, 0.9290000200271606, 1.0989999771118164, 1.1169999837875366, 1.1080000400543213, 1.0870000123977661, 1.093999981880188, 1.1540000438690186, 1.1469999551773071, 1.1449999809265137, 1.1449999809265137, 1.1460000276565552, 1.1480000019073486, 1.1480000019073486, 1.1519999504089355, 1.1540000438690186, 1.1519999504089355, 1.1519999504089355, 1.149999976158142, 1.1510000228881836, 1.1549999713897705, 1.1649999618530273, 1.1660000085830688, 1.1649999618530273, 1.1619999408721924, 1.156999945640564, 1.0549999475479126, 0.9409999847412109, 0.9419999718666077, 0.9430000185966492, 0.9139999747276306, 0.9409999847412109, 0.9309999942779541, 0.9359999895095825, 0.9350000023841858, 0.9399999976158142, 0.9380000233650208, 0.9350000023841858, 0.9319999814033508, 0.9449999928474426, 0.9539999961853027, 0.9449999928474426, 0.9399999976158142, 0.9430000185966492, 0.9520000219345093, 0.9459999799728394, 0.9449999928474426, 0.9520000219345093, 0.9509999752044678, 0.9620000123977661, 0.9589999914169312, 0.9670000076293945, 0.9729999899864197, 0.9700000286102295, 0.9679999947547913, 0.972000002861023, 0.9769999980926514, 0.9800000190734863, 0.9810000061988831, 0.9800000190734863, 0.9819999933242798, 0.984000027179718, 0.9890000224113464, 0.9879999756813049, 0.9879999756813049, 0.9869999885559082, 0.9959999918937683, 0.9980000257492065, 1.00600004196167, 1.0080000162124634, 1.0049999952316284, 1.003000020980835, 1.0089999437332153, 1.0160000324249268, 1.0210000276565552, 1.0269999504089355, 1.0260000228881836, 1.034999966621399, 1.0429999828338623, 1.0460000038146973, 1.0440000295639038, 1.0449999570846558, 1.0540000200271606, 1.0579999685287476, 1.069000005722046, 1.0679999589920044, 1.0729999542236328, 1.0729999542236328, 1.0789999961853027, 1.0859999656677246, 1.0950000286102295, 1.0950000286102295, 1.1030000448226929, 1.1050000190734863, 1.1200000047683716, 1.1519999504089355, 1.1820000410079956, 1.2649999856948853, 1.3600000143051147, 1.3559999465942383, 1.3650000095367432, 1.3730000257492065, 1.375, 1.3760000467300415, 1.3760000467300415, 1.3839999437332153, 1.3990000486373901, 1.402999997138977, 1.4040000438690186, 1.406000018119812, 1.4110000133514404, 1.409000039100647, 1.3919999599456787, 1.1380000114440918, 1.093000054359436, 1.065999984741211, 1.0579999685287476, 1.0520000457763672, 1.0499999523162842, 1.0410000085830688, 1.0360000133514404, 1.0329999923706055, 1.0399999618530273, 1.0360000133514404, 1.0329999923706055, 1.031999945640564, 1.031999945640564, 1.034999966621399, 1.0360000133514404, 1.0399999618530273, 1.0369999408721924, 1.0449999570846558, 1.055999994277954, 1.062000036239624, 1.0570000410079956, 1.065000057220459, 1.0820000171661377, 1.1269999742507935, 1.1779999732971191, 1.527999997138977, 1.5679999589920044, 1.5859999656677246, 1.6039999723434448, 1.6089999675750732, 1.6200000047683716, 1.63100004196167, 1.6369999647140503, 1.6410000324249268, 1.6480000019073486, 1.6519999504089355, 1.6679999828338623, 1.6779999732971191, 1.684000015258789, 1.690999984741211, 1.694000005722046, 1.7050000429153442, 1.7170000076293945, 1.718000054359436, 1.7239999771118164, 1.7319999933242798, 1.7309999465942383, 1.7319999933242798, 1.715000033378601, 1.7130000591278076, 1.7089999914169312, 1.7009999752044678, 1.6979999542236328, 1.694000005722046, 1.690000057220459, 1.6829999685287476, 1.6740000247955322, 1.6670000553131104, 1.659999966621399, 1.6579999923706055, 1.659000039100647, 1.6490000486373901, 1.6440000534057617, 1.6349999904632568, 1.6380000114440918, 1.628000020980835, 1.63100004196167, 1.628000020980835, 1.628000020980835, 1.625, 1.628000020980835, 1.6339999437332153, 1.6619999408721924, 1.7289999723434448, 1.843999981880188, 2.0480000972747803, 2.0799999237060547, 2.0969998836517334, 2.121000051498413, 2.122999906539917, 2.140000104904175, 2.1519999504089355, 0.8939999938011169, 0.9259999990463257, 0.8320000171661377, 0.7419999837875366, 0.6850000023841858, 0.6729999780654907, 0.6669999957084656, 0.6700000166893005, 0.6669999957084656, 0.6669999957084656, 0.6710000038146973, 0.6759999990463257, 0.6779999732971191, 0.6759999990463257, 0.6769999861717224, 0.6700000166893005, 0.6729999780654907, 0.6740000247955322, 0.6639999747276306, 0.6520000100135803, 0.6549999713897705, 0.6510000228881836, 0.6480000019073486, 0.6200000047683716, 0.5619999766349792, 0.546999990940094, 0.531000018119812, 0.5389999747276306, 0.5329999923706055, 0.5289999842643738, 0.5329999923706055, 0.5339999794960022, 0.5339999794960022, 0.5230000019073486, 0.5199999809265137, 0.5210000276565552, 0.5230000019073486, 0.5189999938011169, 0.5170000195503235, 0.5130000114440918, 0.5139999985694885, 0.5120000243186951, 0.5090000033378601, 0.5080000162124634, 0.5040000081062317, 0.5009999871253967, 0.5019999742507935, 0.5040000081062317, 0.5009999871253967, 0.5, 0.49900001287460327, 0.49900001287460327, 0.503000020980835, 0.5070000290870667, 0.5059999823570251, 0.5149999856948853, 0.49799999594688416, 0.49000000953674316, 0.4699999988079071, 0.4650000035762787, 0.4659999907016754, 0.4699999988079071, 0.46700000762939453, 0.460999995470047, 0.46399998664855957, 0.4650000035762787, 0.4650000035762787, 0.4650000035762787, 0.4659999907016754, 0.4659999907016754, 0.4560000002384186, 0.44699999690055847, 0.4440000057220459, 0.42800000309944153, 0.4300000071525574, 0.4320000112056732, 0.43299999833106995, 0.4189999997615814, 0.4189999997615814, 0.4189999997615814, 0.421999990940094, 0.42100000381469727, 0.42100000381469727, 0.42800000309944153, 0.42800000309944153, 0.4309999942779541, 0.4309999942779541, 0.4320000112056732, 0.4399999976158142, 0.4399999976158142, 0.43799999356269836, 0.4309999942779541, 0.4339999854564667, 0.4429999887943268, 0.4429999887943268, 0.4359999895095825, 0.4339999854564667, 0.43299999833106995, 0.4410000145435333, 0.44200000166893005, 0.44600000977516174, 0.4449999928474426, 0.44600000977516174, 0.44600000977516174, 0.4490000009536743, 0.45100000500679016, 0.44999998807907104, 0.4519999921321869, 0.460999995470047, 0.4569999873638153, 0.44999998807907104, 0.4480000138282776, 0.4480000138282776, 0.4480000138282776, 0.45399999618530273, 0.453000009059906, 0.453000009059906, 0.453000009059906, 0.45399999618530273, 0.460999995470047, 0.4620000123977661, 0.4650000035762787, 0.46399998664855957, 0.46700000762939453, 0.46700000762939453, 0.460999995470047, 0.4699999988079071, 0.49799999594688416, 0.5339999794960022, 0.6320000290870667, 0.7210000157356262, 0.7269999980926514, 0.7160000205039978, 0.7160000205039978, 0.722000002861023, 0.718999981880188, 0.7149999737739563, 0.7139999866485596, 0.7139999866485596, 0.7139999866485596, 0.7200000286102295, 0.718999981880188, 0.7200000286102295, 0.7170000076293945, 0.7059999704360962, 0.7059999704360962, 0.7170000076293945, 0.7170000076293945, 0.7080000042915344, 0.7080000042915344, 0.7239999771118164, 0.7049999833106995, 0.703000009059906, 0.7390000224113464, 2.8980000019073486, 2.9159998893737793, 2.9100000858306885, 2.9119999408721924, 2.9170000553131104, 3.0399999618530273, 3.197999954223633, 3.2060000896453857, 3.2119998931884766, 3.2170000076293945, 3.2170000076293945, 3.2290000915527344, 3.2290000915527344, 3.2060000896453857, 3.2079999446868896, 3.2009999752044678, 3.181999921798706, 3.177999973297119, 3.1429998874664307, 3.1059999465942383, 3.0429999828338623, 2.9570000171661377, 2.9000000953674316, 2.8910000324249268, 2.8919999599456787, 11.020999908447266, 11.045999526977539, 11.04800033569336, 11.067000389099121, 11.10200023651123, 11.107000350952148, 11.11400032043457, 11.128999710083008, 11.151000022888184, 11.156999588012695, 11.185999870300293, 11.20199966430664, 11.225000381469727, 11.215999603271484, 11.234000205993652, 11.25100040435791, 11.269000053405762, 11.284000396728516, 11.305000305175781, 11.33899974822998, 11.338000297546387, 11.354000091552734, 11.368000030517578, 11.376999855041504, 11.407999992370605, 11.432000160217285, 11.4350004196167, 11.395999908447266, 11.295999526977539, 11.211000442504883, 11.218000411987305, 11.236000061035156, 11.258000373840332, 11.24899959564209, 65.53299713134766, 65.53299713134766, 65.53299713134766, 65.53299713134766, 65.53299713134766, 65.53299713134766, 65.53299713134766, 65.53299713134766, 65.53299713134766, 65.53299713134766, 65.53299713134766, 65.53299713134766, 65.53299713134766, 65.53299713134766, 65.53299713134766, 65.53299713134766, 65.53299713134766, 65.53299713134766, 65.53299713134766, 65.53299713134766, 65.53299713134766, 65.53299713134766, 65.53299713134766, 65.53299713134766, 65.53299713134766, 65.53299713134766, 3.9049999713897705, 3.8989999294281006, 3.88100004196167, 3.884999990463257, 3.88700008392334, 3.9000000953674316, 3.9079999923706055, 3.9200000762939453, 3.921999931335449, 3.936000108718872, 3.946000099182129, 3.9570000171661377, 3.9709999561309814, 3.9769999980926514, 4.005000114440918, 4.013000011444092, 4.026000022888184, 4.017000198364258, 4.03000020980835, 4.040999889373779, 4.059999942779541, 4.072000026702881, 4.09499979019165, 4.0980000495910645, 4.118000030517578, 4.133999824523926, 4.131999969482422, 4.1570000648498535, 4.171000003814697, 4.192999839782715, 4.192999839782715, 4.199999809265137, 4.199999809265137, 4.185999870300293, 65.53299713134766, 65.53299713134766, 65.53299713134766, 65.53299713134766, 65.53299713134766, 65.53299713134766, 65.53299713134766, 65.53299713134766, 65.53299713134766, 65.53299713134766, 65.53299713134766, 65.53299713134766, 65.53299713134766, 65.53299713134766, 65.53299713134766, 65.53299713134766, 65.53299713134766, 65.53299713134766, 65.53299713134766, 65.53299713134766, 65.53299713134766, 65.53299713134766, 65.53299713134766, 65.53299713134766, 4.4670000076293945, 4.48799991607666, 4.4720001220703125, 4.48199987411499, 4.480999946594238, 4.48199987411499, 4.494999885559082, 4.489999771118164, 4.495999813079834, 4.489999771118164, 4.492000102996826, 4.5, 4.501999855041504, 4.510000228881836, 4.514999866485596, 4.517000198364258, 4.486999988555908, 3.6510000228881836, 3.4649999141693115, 3.4630000591278076, 3.4800000190734863, 3.48799991607666, 3.4730000495910645, 3.4600000381469727, 3.4700000286102295, 3.4719998836517334, 3.4670000076293945, 3.4639999866485596, 3.447000026702881, 3.4079999923706055, 3.4049999713897705, 3.384000062942505, 3.3889999389648438, 3.390000104904175, 3.390000104904175, 3.4019999504089355, 3.4089999198913574, 3.4149999618530273, 3.4590001106262207, 3.4800000190734863, 3.494999885559082, 3.4730000495910645, 3.8889999389648438, 4.6529998779296875, 4.640999794006348, 4.614999771118164, 4.604000091552734, 4.585000038146973, 4.578999996185303, 4.560999870300293, 4.552000045776367, 4.543000221252441, 4.5320000648498535, 4.51200008392334, 4.492000102996826, 4.480000019073486, 4.47599983215332, 4.46999979019165, 4.452000141143799, 4.429999828338623, 2.99399995803833, 3.0169999599456787, 3.0409998893737793, 3.0480000972747803, 3.052999973297119, 3.0799999237060547, 3.0889999866485596, 3.115000009536743, 3.1429998874664307, 3.1649999618530273, 3.193000078201294, 3.2160000801086426, 3.240000009536743, 3.2720000743865967, 3.309000015258789, 3.3369998931884766, 3.3570001125335693, 3.4010000228881836, 3.4059998989105225, 3.434000015258789, 3.4709999561309814, 3.505000114440918, 3.5429999828338623, 3.5869998931884766, 3.614000082015991, 3.635999917984009, 3.688999891281128, 3.7130000591278076, 3.7360000610351562, 3.7799999713897705, 3.809000015258789, 3.8469998836517334, 3.881999969482422, 3.9119999408721924, 3.947999954223633, 3.990000009536743, 4.0269999504089355, 4.078999996185303, 4.084000110626221, 4.065999984741211, 4.066999912261963, 4.052999973297119, 4.059999942779541, 4.059999942779541, 4.038000106811523, 4.0279998779296875, 4.021999835968018, 3.997999906539917, 3.997999906539917, 3.997999906539917, 2.9509999752044678, 2.867000102996826, 2.865999937057495, 2.884999990463257, 3.0739998817443848, 3.0999999046325684, 2.943000078201294, 2.8459999561309814, 2.806999921798706, 2.7679998874664307, 2.76200008392334, 2.734999895095825, 2.7190001010894775, 2.7009999752044678, 2.678999900817871, 2.6740000247955322, 2.6730000972747803, 2.677999973297119, 2.677999973297119, 2.683000087738037, 2.686000108718872, 2.688999891281128, 2.694000005722046, 2.7899999618530273, 2.884999990463257, 3.053999900817871, 3.8589999675750732, 3.8589999675750732, 3.8589999675750732, 3.859999895095825, 3.859999895095825, 3.8459999561309814, 3.7960000038146973, 3.191999912261963, 3.127000093460083, 3.134000062942505, 3.2100000381469727, 3.367000102996826, 3.263000011444092, 3.263000011444092, 3.806999921798706, 3.806999921798706, 3.7950000762939453, 3.760999917984009, 3.753000020980835, 3.750999927520752, 3.75, 2.509999990463257, 2.4070000648498535, 3.7850000858306885, 3.7850000858306885, 3.7929999828338623, 4.004000186920166, 4.063000202178955, 4.063000202178955, 65.53299713134766, 65.53299713134766, 65.53299713134766, 4.296999931335449, 4.296999931335449, 65.53299713134766, 65.53299713134766, 65.53299713134766, 65.53299713134766, 65.53299713134766, 65.53299713134766, 65.53299713134766, 65.53299713134766, 65.53299713134766, 65.53299713134766, 65.53299713134766, 65.53299713134766, 3.005000114440918, 2.8949999809265137, 3.1540000438690186, 3.421999931335449, 3.5299999713897705, 3.759000062942505, 3.7679998874664307, 3.7769999504089355, 3.7769999504089355, 3.7699999809265137, 3.7699999809265137, 3.7760000228881836, 3.7760000228881836, 3.7760000228881836, 3.7679998874664307, 3.7039999961853027, 3.7109999656677246, 3.7709999084472656, 3.7809998989105225, 3.7790000438690186, 3.7790000438690186, 3.7750000953674316, 3.7909998893737793, 3.7860000133514404, 3.7890000343322754, 3.7899999618530273, 3.749000072479248, 3.6410000324249268, 2.6040000915527344, 2.11299991607666, 1.9769999980926514, 1.9769999980926514, 1.9800000190734863, 1.9800000190734863, 1.9759999513626099, 1.9490000009536743, 1.9329999685287476, 1.9320000410079956, 1.9320000410079956, 1.9359999895095825, 1.934999942779541, 1.937000036239624, 1.9420000314712524, 1.9149999618530273, 1.9249999523162842, 1.9240000247955322, 1.9240000247955322, 1.9249999523162842, 1.9240000247955322, 1.9220000505447388, 1.9249999523162842, 1.9240000247955322, 1.9220000505447388, 1.9199999570846558, 1.9179999828338623, 1.9259999990463257, 1.9889999628067017, 2.0480000972747803, 2.068000078201294, 1.9739999771118164, 2.075000047683716, 4.01200008392334, 4.053999900817871, 4.076000213623047, 4.086999893188477, 4.091000080108643, 4.089000225067139, 4.083000183105469, 4.039000034332275, 4.013000011444092, 4.035999774932861, 4.090000152587891, 4.165999889373779, 4.258999824523926, 4.568999767303467, 4.557000160217285, 4.51800012588501, 4.456999778747559, 4.394999980926514, 4.341000080108643, 4.267000198364258, 4.2210001945495605, 4.151000022888184, 4.111000061035156, 4.059999942779541, 4.014999866485596, 3.9600000381469727]
intensities: [518.0, 532.0, 548.0, 615.0, 763.0, 822.0, 698.0, 516.0, 470.0, 475.0, 504.0, 541.0, 566.0, 590.0, 593.0, 523.0, 504.0, 510.0, 546.0, 553.0, 555.0, 544.0, 525.0, 546.0, 539.0, 551.0, 548.0, 606.0, 601.0, 597.0, 542.0, 532.0, 532.0, 567.0, 584.0, 608.0, 631.0, 658.0, 678.0, 705.0, 661.0, 641.0, 586.0, 551.0, 523.0, 515.0, 518.0, 539.0, 619.0, 551.0, 733.0, 756.0, 778.0, 731.0, 726.0, 681.0, 655.0, 667.0, 622.0, 645.0, 716.0, 739.0, 785.0, 793.0, 824.0, 849.0, 932.0, 962.0, 962.0, 979.0, 1014.0, 1008.0, 989.0, 954.0, 950.0, 938.0, 959.0, 971.0, 1028.0, 1043.0, 1050.0, 1050.0, 1080.0, 1092.0, 1128.0, 1121.0, 1140.0, 1172.0, 1246.0, 1243.0, 1251.0, 1318.0, 1302.0, 1303.0, 1301.0, 1302.0, 1280.0, 1279.0, 1274.0, 1265.0, 1264.0, 1259.0, 1259.0, 1252.0, 1254.0, 1235.0, 1233.0, 1225.0, 1231.0, 1217.0, 1201.0, 1201.0, 1199.0, 1199.0, 1204.0, 1194.0, 1218.0, 1212.0, 1219.0, 1257.0, 1257.0, 1289.0, 1296.0, 1126.0, 865.0, 430.0, 393.0, 345.0, 349.0, 377.0, 594.0, 785.0, 821.0, 834.0, 829.0, 825.0, 825.0, 830.0, 821.0, 814.0, 820.0, 819.0, 819.0, 814.0, 812.0, 818.0, 810.0, 808.0, 818.0, 823.0, 825.0, 825.0, 831.0, 835.0, 818.0, 816.0, 816.0, 803.0, 770.0, 767.0, 768.0, 771.0, 779.0, 779.0, 758.0, 763.0, 758.0, 744.0, 744.0, 735.0, 734.0, 715.0, 705.0, 686.0, 640.0, 566.0, 566.0, 0.0, 0.0, 726.0, 752.0, 779.0, 744.0, 752.0, 797.0, 812.0, 824.0, 842.0, 837.0, 840.0, 835.0, 830.0, 829.0, 829.0, 829.0, 820.0, 813.0, 818.0, 812.0, 809.0, 807.0, 811.0, 803.0, 806.0, 796.0, 796.0, 790.0, 791.0, 785.0, 777.0, 777.0, 771.0, 774.0, 765.0, 757.0, 753.0, 753.0, 749.0, 742.0, 740.0, 725.0, 714.0, 714.0, 717.0, 725.0, 713.0, 710.0, 704.0, 703.0, 704.0, 705.0, 697.0, 675.0, 666.0, 660.0, 660.0, 663.0, 659.0, 649.0, 632.0, 632.0, 617.0, 615.0, 614.0, 604.0, 604.0, 604.0, 588.0, 588.0, 585.0, 583.0, 579.0, 574.0, 571.0, 571.0, 566.0, 557.0, 548.0, 552.0, 545.0, 539.0, 536.0, 530.0, 530.0, 531.0, 532.0, 532.0, 520.0, 519.0, 521.0, 519.0, 514.0, 515.0, 515.0, 511.0, 497.0, 501.0, 492.0, 488.0, 461.0, 422.0, 422.0, 418.0, 415.0, 417.0, 410.0, 359.0, 342.0, 357.0, 367.0, 377.0, 355.0, 354.0, 322.0, 330.0, 334.0, 296.0, 288.0, 289.0, 280.0, 281.0, 249.0, 245.0, 223.0, 221.0, 154.0, 206.0, 168.0, 168.0, 0.0, 0.0, 0.0, 0.0, 0.0, 0.0, 0.0, 0.0, 0.0, 285.0, 248.0, 284.0, 465.0, 493.0, 547.0, 589.0, 691.0, 1021.0, 1107.0, 1125.0, 1130.0, 1133.0, 1145.0, 1145.0, 1119.0, 1124.0, 1124.0, 1133.0, 1131.0, 1127.0, 1130.0, 1134.0, 1139.0, 1136.0, 1148.0, 1148.0, 1155.0, 867.0, 776.0, 686.0, 742.0, 853.0, 858.0, 865.0, 862.0, 857.0, 844.0, 832.0, 815.0, 818.0, 817.0, 803.0, 793.0, 790.0, 790.0, 784.0, 781.0, 778.0, 763.0, 773.0, 759.0, 750.0, 756.0, 742.0, 737.0, 737.0, 738.0, 737.0, 718.0, 717.0, 708.0, 704.0, 701.0, 695.0, 691.0, 690.0, 687.0, 681.0, 679.0, 681.0, 671.0, 657.0, 645.0, 644.0, 644.0, 640.0, 635.0, 633.0, 628.0, 624.0, 623.0, 624.0, 618.0, 602.0, 601.0, 595.0, 596.0, 584.0, 586.0, 577.0, 581.0, 569.0, 572.0, 576.0, 588.0, 569.0, 546.0, 708.0, 1041.0, 1088.0, 1086.0, 1087.0, 1079.0, 1098.0, 1098.0, 1085.0, 1092.0, 1081.0, 1087.0, 1090.0, 1104.0, 1114.0, 1122.0, 1237.0, 1213.0, 1215.0, 1179.0, 1145.0, 1129.0, 1142.0, 1183.0, 1191.0, 1240.0, 1272.0, 1306.0, 1319.0, 1329.0, 1286.0, 1292.0, 1259.0, 1158.0, 1113.0, 1166.0, 1210.0, 1189.0, 1222.0, 1247.0, 1276.0, 1268.0, 1125.0, 1124.0, 1092.0, 1111.0, 1099.0, 1108.0, 1087.0, 1091.0, 1069.0, 1085.0, 1082.0, 1084.0, 1124.0, 1112.0, 1103.0, 1108.0, 1117.0, 1111.0, 1076.0, 1028.0, 915.0, 886.0, 941.0, 986.0, 1101.0, 1102.0, 1089.0, 1099.0, 1122.0, 1121.0, 1117.0, 1119.0, 1119.0, 1120.0, 1108.0, 1112.0, 1115.0, 1116.0, 1088.0, 1109.0, 1102.0, 1130.0, 1113.0, 1123.0, 1145.0, 1199.0, 1198.0, 1194.0, 1173.0, 1124.0, 1034.0, 1018.0, 1020.0, 1017.0, 1008.0, 990.0, 976.0, 270.0, 1482.0, 1444.0, 1340.0, 1293.0, 1478.0, 1497.0, 1674.0, 1674.0, 1672.0, 1668.0, 1664.0, 1729.0, 1830.0, 1815.0, 1708.0, 1623.0, 1585.0, 1552.0, 1542.0, 1671.0, 1616.0, 1562.0, 1338.0, 1228.0, 1282.0, 1285.0, 1497.0, 1547.0, 1702.0, 1821.0, 1853.0, 1854.0, 1769.0, 1523.0, 1461.0, 1439.0, 1454.0, 1444.0, 1426.0, 1414.0, 1389.0, 1371.0, 1488.0, 1597.0, 1706.0, 1754.0, 1857.0, 1888.0, 1888.0, 1899.0, 1899.0, 1874.0, 1861.0, 1758.0, 1776.0, 1597.0, 1499.0, 1485.0, 1502.0, 1599.0, 1745.0, 1784.0, 1794.0, 1839.0, 1840.0, 1840.0, 1841.0, 1867.0, 1806.0, 1501.0, 1451.0, 1453.0, 1501.0, 1566.0, 1631.0, 1744.0, 1727.0, 1758.0, 1751.0, 1764.0, 1762.0, 1764.0, 1765.0, 1765.0, 1759.0, 1770.0, 1766.0, 1765.0, 1765.0, 1774.0, 1760.0, 1759.0, 1772.0, 1764.0, 1750.0, 1741.0, 1742.0, 1714.0, 1689.0, 1645.0, 1563.0, 1541.0, 1541.0, 1498.0, 1466.0, 1467.0, 1420.0, 1370.0, 1351.0, 1325.0, 1319.0, 1319.0, 1318.0, 1313.0, 1309.0, 1346.0, 1386.0, 1364.0, 1404.0, 1424.0, 1452.0, 1446.0, 1402.0, 1402.0, 1300.0, 1156.0, 1203.0, 1197.0, 1295.0, 1378.0, 1400.0, 1391.0, 1391.0, 1385.0, 1394.0, 1404.0, 1406.0, 1423.0, 1432.0, 1431.0, 1431.0, 1458.0, 1476.0, 1465.0, 1436.0, 1434.0, 1434.0, 1275.0, 1086.0, 958.0, 826.0, 623.0, 350.0, 754.0, 771.0, 763.0, 767.0, 770.0, 830.0, 922.0, 939.0, 946.0, 956.0, 956.0, 940.0, 940.0, 911.0, 923.0, 918.0, 901.0, 911.0, 883.0, 877.0, 860.0, 848.0, 795.0, 751.0, 516.0, 495.0, 520.0, 520.0, 516.0, 521.0, 512.0, 516.0, 514.0, 519.0, 520.0, 515.0, 518.0, 528.0, 514.0, 524.0, 516.0, 515.0, 521.0, 506.0, 512.0, 509.0, 513.0, 508.0, 503.0, 507.0, 514.0, 513.0, 528.0, 542.0, 573.0, 587.0, 554.0, 455.0, 245.0, 0.0, 0.0, 0.0, 0.0, 0.0, 0.0, 0.0, 0.0, 0.0, 0.0, 0.0, 0.0, 0.0, 0.0, 0.0, 0.0, 0.0, 0.0, 0.0, 0.0, 0.0, 0.0, 0.0, 0.0, 0.0, 0.0, 737.0, 765.0, 845.0, 879.0, 871.0, 873.0, 859.0, 864.0, 861.0, 857.0, 852.0, 850.0, 850.0, 851.0, 863.0, 866.0, 864.0, 803.0, 745.0, 733.0, 729.0, 732.0, 737.0, 723.0, 714.0, 716.0, 702.0, 703.0, 696.0, 698.0, 691.0, 680.0, 676.0, 661.0, 0.0, 0.0, 0.0, 0.0, 0.0, 0.0, 0.0, 0.0, 0.0, 0.0, 0.0, 0.0, 0.0, 0.0, 0.0, 0.0, 0.0, 0.0, 0.0, 0.0, 0.0, 0.0, 0.0, 0.0, 899.0, 877.0, 829.0, 843.0, 818.0, 814.0, 808.0, 794.0, 770.0, 740.0, 753.0, 784.0, 784.0, 783.0, 781.0, 783.0, 813.0, 1053.0, 806.0, 830.0, 749.0, 721.0, 744.0, 768.0, 749.0, 742.0, 769.0, 800.0, 836.0, 811.0, 807.0, 796.0, 810.0, 817.0, 817.0, 827.0, 798.0, 714.0, 610.0, 537.0, 451.0, 388.0, 833.0, 631.0, 629.0, 651.0, 663.0, 663.0, 682.0, 681.0, 683.0, 692.0, 700.0, 710.0, 719.0, 716.0, 723.0, 726.0, 731.0, 743.0, 346.0, 715.0, 838.0, 848.0, 842.0, 844.0, 834.0, 840.0, 829.0, 825.0, 826.0, 825.0, 821.0, 823.0, 838.0, 846.0, 850.0, 845.0, 816.0, 807.0, 800.0, 801.0, 810.0, 819.0, 804.0, 805.0, 797.0, 798.0, 790.0, 773.0, 758.0, 746.0, 741.0, 735.0, 739.0, 735.0, 759.0, 826.0, 867.0, 893.0, 903.0, 871.0, 895.0, 895.0, 833.0, 831.0, 849.0, 792.0, 792.0, 792.0, 1228.0, 1317.0, 1354.0, 1363.0, 1154.0, 1028.0, 783.0, 691.0, 732.0, 774.0, 793.0, 797.0, 798.0, 791.0, 833.0, 836.0, 824.0, 827.0, 821.0, 820.0, 804.0, 805.0, 808.0, 981.0, 1278.0, 1252.0, 918.0, 917.0, 914.0, 907.0, 923.0, 917.0, 905.0, 1187.0, 1192.0, 1181.0, 1154.0, 1097.0, 1156.0, 1156.0, 898.0, 884.0, 860.0, 842.0, 873.0, 887.0, 901.0, 1423.0, 1433.0, 888.0, 888.0, 818.0, 337.0, 327.0, 327.0, 0.0, 0.0, 0.0, 226.0, 226.0, 0.0, 0.0, 0.0, 0.0, 0.0, 0.0, 0.0, 0.0, 0.0, 0.0, 0.0, 0.0, 866.0, 554.0, 1105.0, 1058.0, 1029.0, 916.0, 913.0, 915.0, 919.0, 917.0, 917.0, 920.0, 920.0, 917.0, 910.0, 932.0, 930.0, 916.0, 911.0, 911.0, 911.0, 908.0, 921.0, 914.0, 916.0, 918.0, 879.0, 869.0, 1273.0, 1535.0, 1157.0, 1139.0, 1094.0, 1094.0, 1111.0, 1110.0, 1097.0, 1100.0, 1051.0, 1003.0, 956.0, 958.0, 987.0, 1082.0, 1234.0, 1168.0, 1047.0, 1040.0, 1015.0, 1004.0, 1035.0, 1100.0, 1101.0, 1101.0, 1102.0, 1113.0, 1463.0, 1670.0, 1233.0, 571.0, 197.0, 899.0, 912.0, 926.0, 918.0, 919.0, 910.0, 915.0, 913.0, 929.0, 916.0, 900.0, 911.0, 869.0, 664.0, 660.0, 648.0, 671.0, 652.0, 665.0, 683.0, 701.0, 714.0, 728.0, 721.0, 659.0, 597.0]