header: 
  seq: 625
  stamp: 
    secs: 1545151132
    nsecs: 960037472
  frame_id: "base_link"
angle_min: -2.35619449615
angle_max: 2.35619449615
angle_increment: 0.00436332309619
time_increment: 1.73611151695e-05
scan_time: 0.0250000003725
range_min: 0.019999999553
range_max: 30.0
ranges: [0.14000000059604645, 0.14000000059604645, 0.14800000190734863, 0.164000004529953, 0.16200000047683716, 0.17800000309944153, 0.18799999356269836, 0.1940000057220459, 0.2150000035762787, 0.24899999797344208, 0.24699999392032623, 0.289000004529953, 0.289000004529953, 0.3319999873638153, 0.3869999945163727, 0.4569999873638153, 0.4569999873638153, 0.5059999823570251, 0.5389999747276306, 0.5440000295639038, 0.5509999990463257, 0.5690000057220459, 0.5699999928474426, 0.5720000267028809, 0.5619999766349792, 0.5690000057220459, 0.5730000138282776, 0.5730000138282776, 0.5730000138282776, 0.5809999704360962, 0.5799999833106995, 0.597000002861023, 0.5979999899864197, 0.5989999771118164, 0.5920000076293945, 0.593999981880188, 0.6010000109672546, 0.6069999933242798, 0.6069999933242798, 0.6100000143051147, 0.6119999885559082, 0.6119999885559082, 0.6110000014305115, 0.6079999804496765, 0.6060000061988831, 0.6110000014305115, 0.6159999966621399, 0.6169999837875366, 0.6179999709129333, 0.6190000176429749, 0.6340000033378601, 0.6340000033378601, 0.6340000033378601, 0.6370000243186951, 0.6330000162124634, 0.6359999775886536, 0.6259999871253967, 0.5950000286102295, 0.5649999976158142, 0.5180000066757202, 0.45500001311302185, 0.38600000739097595, 0.3019999861717224, 0.2590000033378601, 0.30000001192092896, 0.33500000834465027, 0.4020000100135803, 0.414000004529953, 0.5210000276565552, 0.5580000281333923, 0.6309999823570251, 0.656000018119812, 0.6779999732971191, 0.6800000071525574, 0.6850000023841858, 0.7009999752044678, 0.7059999704360962, 0.7020000219345093, 0.7080000042915344, 0.7080000042915344, 0.7099999785423279, 0.7120000123977661, 0.7200000286102295, 0.718999981880188, 0.7310000061988831, 0.7279999852180481, 0.7379999756813049, 0.7369999885559082, 0.7369999885559082, 0.7450000047683716, 0.7480000257492065, 0.7580000162124634, 0.7639999985694885, 0.7670000195503235, 0.7699999809265137, 0.7760000228881836, 0.7799999713897705, 0.781000018119812, 0.7850000262260437, 0.7839999794960022, 0.7910000085830688, 0.7929999828338623, 0.7990000247955322, 0.8029999732971191, 0.8059999942779541, 0.8090000152587891, 0.8140000104904175, 0.8159999847412109, 0.824999988079071, 0.8259999752044678, 0.8289999961853027, 0.8320000171661377, 0.8429999947547913, 0.8500000238418579, 0.8510000109672546, 0.8579999804496765, 0.8650000095367432, 0.8650000095367432, 0.8769999742507935, 0.8709999918937683, 0.8799999952316284, 0.8799999952316284, 0.8560000061988831, 0.8500000238418579, 0.8460000157356262, 0.8569999933242798, 0.8629999756813049, 0.890999972820282, 0.9160000085830688, 0.9229999780654907, 0.9300000071525574, 0.921999990940094, 0.9300000071525574, 0.9150000214576721, 0.902999997138977, 0.8889999985694885, 0.8960000276565552, 0.8980000019073486, 0.8999999761581421, 0.9079999923706055, 0.9039999842643738, 0.902999997138977, 0.906000018119812, 0.9049999713897705, 0.9089999794960022, 0.9139999747276306, 0.9160000085830688, 0.9229999780654907, 0.9269999861717224, 0.9359999895095825, 0.9290000200271606, 0.9290000200271606, 0.9309999942779541, 0.9380000233650208, 0.9390000104904175, 0.9300000071525574, 0.9459999799728394, 0.9610000252723694, 0.9629999995231628, 0.9700000286102295, 0.9679999947547913, 0.9599999785423279, 0.9620000123977661, 0.9559999704360962, 0.9559999704360962, 0.9760000109672546, 0.9760000109672546, 0.9710000157356262, 0.9580000042915344, 0.9459999799728394, 0.9449999928474426, 0.9520000219345093, 0.9520000219345093, 0.9559999704360962, 0.9559999704360962, 0.9589999914169312, 0.9649999737739563, 0.9769999980926514, 1.0140000581741333, 1.0180000066757202, 1.0010000467300415, 0.9959999918937683, 0.9879999756813049, 0.9819999933242798, 0.9850000143051147, 0.9909999966621399, 0.9789999723434448, 0.9660000205039978, 0.9490000009536743, 0.9490000009536743, 65.53299713134766, 65.53299713134766, 65.53299713134766, 0.43700000643730164, 0.43700000643730164, 0.4269999861717224, 0.414000004529953, 0.45500001311302185, 0.44999998807907104, 0.4569999873638153, 0.4580000042915344, 0.46000000834465027, 0.45500001311302185, 0.4480000138282776, 0.4480000138282776, 0.46399998664855957, 0.46299999952316284, 0.4620000123977661, 0.4749999940395355, 0.4690000116825104, 0.46299999952316284, 0.47600001096725464, 0.47200000286102295, 0.4740000069141388, 0.4819999933242798, 0.48399999737739563, 0.4830000102519989, 0.4779999852180481, 0.4819999933242798, 0.48500001430511475, 0.4869999885559082, 0.48500001430511475, 0.48500001430511475, 0.48899999260902405, 0.49300000071525574, 0.4950000047683716, 0.492000013589859, 0.4959999918937683, 0.5, 0.49900001287460327, 0.49900001287460327, 0.49799999594688416, 0.503000020980835, 0.5099999904632568, 0.5120000243186951, 0.5090000033378601, 0.5139999985694885, 0.5149999856948853, 0.5199999809265137, 0.5249999761581421, 0.5370000004768372, 0.5379999876022339, 0.5400000214576721, 0.5410000085830688, 0.5400000214576721, 0.5490000247955322, 0.5540000200271606, 0.5559999942779541, 0.5680000185966492, 0.5669999718666077, 0.5669999718666077, 0.5680000185966492, 0.5669999718666077, 0.5699999928474426, 0.5770000219345093, 0.5799999833106995, 0.5989999771118164, 0.5849999785423279, 0.5839999914169312, 0.5979999899864197, 0.6050000190734863, 0.6169999837875366, 0.6019999980926514, 0.609000027179718, 0.6259999871253967, 0.6259999871253967, 0.6290000081062317, 0.6359999775886536, 0.6320000290870667, 0.6320000290870667, 0.6349999904632568, 0.6549999713897705, 0.6570000052452087, 0.6449999809265137, 0.652999997138977, 0.6769999861717224, 0.6790000200271606, 0.6729999780654907, 0.6660000085830688, 0.6769999861717224, 0.6970000267028809, 0.6970000267028809, 0.7039999961853027, 0.7099999785423279, 0.7210000157356262, 0.7379999756813049, 0.7649999856948853, 0.7319999933242798, 0.7580000162124634, 0.7429999709129333, 0.7670000195503235, 0.7730000019073486, 0.8429999947547913, 0.8009999990463257, 0.8190000057220459, 1.0, 1.1460000276565552, 1.1859999895095825, 1.215999960899353, 1.218999981880188, 1.2719999551773071, 1.3320000171661377, 1.3300000429153442, 1.2760000228881836, 1.2899999618530273, 1.3209999799728394, 1.3289999961853027, 1.3339999914169312, 1.3079999685287476, 1.3020000457763672, 1.309999942779541, 1.2719999551773071, 1.2319999933242798, 1.187999963760376, 1.13100004196167, 1.1349999904632568, 1.1729999780654907, 1.187999963760376, 1.2000000476837158, 1.2120000123977661, 1.2130000591278076, 1.2130000591278076, 1.2079999446868896, 1.2130000591278076, 1.2139999866485596, 1.215999960899353, 1.2139999866485596, 1.2139999866485596, 1.215000033378601, 1.215999960899353, 1.2209999561309814, 1.225000023841858, 1.2269999980926514, 1.2289999723434448, 1.2280000448226929, 1.2269999980926514, 1.2280000448226929, 1.2319999933242798, 1.2319999933242798, 1.2319999933242798, 1.2330000400543213, 1.2319999933242798, 1.2319999933242798, 1.2359999418258667, 1.2410000562667847, 1.2419999837875366, 1.2419999837875366, 1.2419999837875366, 1.2410000562667847, 1.253000020980835, 1.2580000162124634, 1.2599999904632568, 1.2630000114440918, 1.2669999599456787, 1.2669999599456787, 1.2710000276565552, 1.2710000276565552, 1.2769999504089355, 1.2790000438690186, 1.2799999713897705, 1.2799999713897705, 1.2829999923706055, 1.2790000438690186, 1.2860000133514404, 1.2879999876022339, 1.2910000085830688, 1.2940000295639038, 1.2949999570846558, 1.2960000038146973, 1.2979999780654907, 1.3029999732971191, 1.3049999475479126, 1.3029999732971191, 1.3049999475479126, 1.3140000104904175, 1.3270000219345093, 1.3320000171661377, 1.3320000171661377, 1.3259999752044678, 1.3370000123977661, 1.340000033378601, 1.3420000076293945, 1.350000023841858, 1.3519999980926514, 1.3539999723434448, 1.350000023841858, 1.3609999418258667, 1.3650000095367432, 1.3619999885559082, 1.36899995803833, 1.3760000467300415, 1.3760000467300415, 1.3730000257492065, 1.3819999694824219, 1.3899999856948853, 1.3969999551773071, 1.4049999713897705, 1.4049999713897705, 1.4129999876022339, 1.4190000295639038, 1.4170000553131104, 1.4140000343322754, 1.430999994277954, 1.430999994277954, 1.437000036239624, 1.437999963760376, 1.440000057220459, 1.4420000314712524, 1.444000005722046, 0.8330000042915344, 0.460999995470047, 0.33899998664855957, 0.29100000858306885, 0.2590000033378601, 0.21799999475479126, 0.1979999989271164, 0.1979999989271164, 0.20200000703334808, 0.2070000022649765, 0.2070000022649765, 0.20999999344348907, 0.21400000154972076, 0.21299999952316284, 0.21299999952316284, 0.20800000429153442, 0.20900000631809235, 0.2160000056028366, 0.20999999344348907, 0.20600000023841858, 0.20600000023841858, 0.20100000500679016, 0.20000000298023224, 0.19699999690055847, 0.20100000500679016, 0.21699999272823334, 0.21400000154972076, 0.21699999272823334, 0.21299999952316284, 0.21299999952316284, 0.20600000023841858, 0.210999995470047, 0.21199999749660492, 0.2070000022649765, 0.2070000022649765, 0.2070000022649765, 0.23199999332427979, 0.24899999797344208, 0.26600000262260437, 0.2849999964237213, 0.32499998807907104, 0.39399999380111694, 0.527999997138977, 0.6980000138282776, 1.7589999437332153, 1.7690000534057617, 1.781999945640564, 1.7970000505447388, 1.8029999732971191, 1.8029999732971191, 0.6240000128746033, 0.5929999947547913, 0.4880000054836273, 0.5360000133514404, 0.4970000088214874, 0.41999998688697815, 0.3529999852180481, 0.2849999964237213, 0.25600001215934753, 0.23399999737739563, 0.21699999272823334, 0.18700000643730164, 0.18700000643730164, 0.1850000023841858, 0.18000000715255737, 0.17800000309944153, 0.17599999904632568, 0.1720000058412552, 0.17100000381469727, 0.17399999499320984, 0.1770000010728836, 0.17599999904632568, 0.1770000010728836, 0.17900000512599945, 0.17499999701976776, 0.17000000178813934, 0.17499999701976776, 0.17299999296665192, 0.17299999296665192, 0.1770000010728836, 0.17399999499320984, 0.1770000010728836, 0.1860000044107437, 0.18000000715255737, 0.16899999976158142, 0.1720000058412552, 0.17399999499320984, 0.17399999499320984, 0.1770000010728836, 0.1770000010728836, 0.17299999296665192, 0.17800000309944153, 0.1770000010728836, 0.18000000715255737, 0.18000000715255737, 0.17800000309944153, 0.17599999904632568, 0.1770000010728836, 0.18000000715255737, 0.18199999630451202, 0.17900000512599945, 0.17299999296665192, 0.17299999296665192, 0.16099999845027924, 0.16099999845027924, 0.16599999368190765, 0.1679999977350235, 0.16899999976158142, 0.16899999976158142, 0.16599999368190765, 0.1589999943971634, 0.15600000321865082, 0.164000004529953, 0.164000004529953, 0.16099999845027924, 0.16500000655651093, 0.16099999845027924, 0.16300000250339508, 0.16200000047683716, 0.15700000524520874, 0.15199999511241913, 0.1459999978542328, 0.1469999998807907, 0.14499999582767487, 0.1459999978542328, 0.1459999978542328, 0.14800000190734863, 0.1509999930858612, 0.1509999930858612, 0.15600000321865082, 0.16099999845027924, 0.15199999511241913, 0.15199999511241913, 0.15700000524520874, 0.15800000727176666, 0.1509999930858612, 0.15299999713897705, 0.15399999916553497, 0.164000004529953, 0.15800000727176666, 0.1550000011920929, 0.15600000321865082, 0.1599999964237213, 0.16300000250339508, 0.16200000047683716, 0.16300000250339508, 0.16500000655651093, 0.164000004529953, 0.16300000250339508, 0.16300000250339508, 0.1589999943971634, 0.1550000011920929, 0.1550000011920929, 0.15700000524520874, 0.1550000011920929, 0.15399999916553497, 0.1550000011920929, 0.15700000524520874, 0.1589999943971634, 0.16099999845027924, 0.16099999845027924, 0.15600000321865082, 0.14900000393390656, 0.1459999978542328, 0.1420000046491623, 0.15000000596046448, 0.1509999930858612, 0.15000000596046448, 0.14800000190734863, 0.16099999845027924, 0.17000000178813934, 0.15800000727176666, 0.1550000011920929, 0.15399999916553497, 0.1679999977350235, 0.1599999964237213, 0.1509999930858612, 0.15000000596046448, 0.1550000011920929, 0.16200000047683716, 0.16200000047683716, 0.16300000250339508, 0.16699999570846558, 0.17299999296665192, 0.17299999296665192, 0.17599999904632568, 0.1770000010728836, 0.17000000178813934, 0.16500000655651093, 0.164000004529953, 0.164000004529953, 0.16200000047683716, 0.164000004529953, 0.16599999368190765, 0.16500000655651093, 0.1589999943971634, 0.16300000250339508, 0.16699999570846558, 0.17399999499320984, 0.18799999356269836, 0.19599999487400055, 0.1899999976158142, 0.1940000057220459, 0.19200000166893005, 0.20000000298023224, 0.20200000703334808, 0.20200000703334808, 0.20100000500679016, 0.20000000298023224, 0.19900000095367432, 0.2029999941587448, 0.20800000429153442, 0.20800000429153442, 0.210999995470047, 0.22200000286102295, 0.24899999797344208, 0.2619999945163727, 0.2709999978542328, 0.2879999876022339, 0.2939999997615814, 0.30799999833106995, 0.3140000104904175, 0.3330000042915344, 0.3499999940395355, 0.3619999885559082, 0.367000013589859, 0.367000013589859, 0.36000001430511475, 0.367000013589859, 0.36000001430511475, 0.36500000953674316, 0.37299999594688416, 0.3880000114440918, 0.3889999985694885, 0.39100000262260437, 0.4009999930858612, 0.40299999713897705, 0.4000000059604645, 0.39500001072883606, 0.3970000147819519, 0.40299999713897705, 0.40700000524520874, 0.4059999883174896, 0.39399999380111694, 0.3970000147819519, 0.4050000011920929, 0.40299999713897705, 0.39800000190734863, 0.40799999237060547, 0.4129999876022339, 3.2679998874664307, 3.2720000743865967, 3.2699999809265137, 3.259000062942505, 3.190999984741211, 3.1070001125335693, 3.069000005722046, 3.0880000591278076, 3.132999897003174, 3.3559999465942383, 3.3440001010894775, 11.053999900817871, 11.079999923706055, 11.086999893188477, 11.095000267028809, 11.095000267028809, 11.10099983215332, 11.128999710083008, 11.133000373840332, 11.161999702453613, 11.156999588012695, 11.168000221252441, 11.199999809265137, 11.220999717712402, 11.218000411987305, 11.244999885559082, 11.246000289916992, 11.267999649047852, 11.302000045776367, 11.303000450134277, 11.321000099182129, 11.340999603271484, 11.362000465393066, 11.368000030517578, 11.406000137329102, 11.413999557495117, 11.423999786376953, 11.446000099182129, 11.456000328063965, 11.468000411987305, 11.428999900817871, 11.317999839782715, 11.258999824523926, 11.26099967956543, 11.25, 11.269000053405762, 11.269000053405762, 65.53299713134766, 65.53299713134766, 65.53299713134766, 65.53299713134766, 65.53299713134766, 65.53299713134766, 65.53299713134766, 65.53299713134766, 65.53299713134766, 65.53299713134766, 65.53299713134766, 65.53299713134766, 65.53299713134766, 65.53299713134766, 65.53299713134766, 65.53299713134766, 65.53299713134766, 65.53299713134766, 65.53299713134766, 65.53299713134766, 65.53299713134766, 65.53299713134766, 65.53299713134766, 3.937999963760376, 3.937000036239624, 3.9200000762939453, 3.9030001163482666, 3.9070000648498535, 3.9130001068115234, 3.921999931335449, 3.927999973297119, 3.947000026702881, 3.9639999866485596, 3.9790000915527344, 3.9830000400543213, 3.996999979019165, 4.001999855041504, 4.011000156402588, 4.025000095367432, 4.0329999923706055, 4.044000148773193, 4.060999870300293, 4.078000068664551, 4.083000183105469, 4.089000225067139, 4.117000102996826, 4.130000114440918, 4.13100004196167, 4.1539998054504395, 4.1570000648498535, 4.172999858856201, 4.190000057220459, 4.204999923706055, 4.215000152587891, 4.21999979019165, 4.21999979019165, 4.197999954223633, 4.197999954223633, 65.53299713134766, 65.53299713134766, 65.53299713134766, 65.53299713134766, 65.53299713134766, 65.53299713134766, 65.53299713134766, 65.53299713134766, 65.53299713134766, 65.53299713134766, 65.53299713134766, 65.53299713134766, 65.53299713134766, 65.53299713134766, 65.53299713134766, 65.53299713134766, 65.53299713134766, 65.53299713134766, 65.53299713134766, 65.53299713134766, 65.53299713134766, 65.53299713134766, 65.53299713134766, 4.685999870300293, 4.703999996185303, 4.724999904632568, 4.736999988555908, 4.747000217437744, 4.767000198364258, 4.794000148773193, 4.806000232696533, 4.833000183105469, 4.855000019073486, 4.870999813079834, 4.90500020980835, 4.921999931335449, 4.940000057220459, 4.953000068664551, 4.98799991607666, 4.997000217437744, 5.033999919891357, 5.050000190734863, 5.052000045776367, 5.058000087738037, 5.038000106811523, 5.006999969482422, 3.4010000228881836, 3.4000000953674316, 3.4010000228881836, 3.4509999752044678, 3.4579999446868896, 3.4590001106262207, 3.513000011444092, 3.5290000438690186, 3.5350000858306885, 3.5450000762939453, 3.561000108718872, 3.5810000896453857, 3.6029999256134033, 3.635999917984009, 3.6610000133514404, 3.680999994277954, 3.680999994277954, 3.7109999656677246, 4.645999908447266, 4.660999774932861, 4.646999835968018, 4.622000217437744, 4.613999843597412, 4.498000144958496, 4.394000053405762, 4.4720001220703125, 4.550000190734863, 4.557000160217285, 4.543000221252441, 4.525000095367432, 4.511000156402588, 4.504000186920166, 4.488999843597412, 3.0439999103546143, 2.992000102996826, 2.9820001125335693, 2.9760000705718994, 2.9839999675750732, 2.994999885559082, 3.0230000019073486, 3.0309998989105225, 3.0350000858306885, 3.0329999923706055, 3.0360000133514404, 3.0759999752044678, 3.130000114440918, 3.184999942779541, 3.2360000610351562, 3.253999948501587, 3.2769999504089355, 3.302000045776367, 3.3299999237060547, 3.3450000286102295, 3.375999927520752, 3.4070000648498535, 3.437000036239624, 3.4600000381469727, 3.4809999465942383, 3.506999969482422, 3.5380001068115234, 3.572999954223633, 3.5999999046325684, 3.638000011444092, 3.6530001163482666, 3.7019999027252197, 3.7190001010894775, 3.750999927520752, 3.7690000534057617, 3.8010001182556152, 3.8320000171661377, 3.861999988555908, 3.875, 3.486999988555908, 3.0810000896453857, 3.072000026702881, 3.0959999561309814, 3.11899995803833, 3.111999988555908, 3.0920000076293945, 3.0899999141693115, 3.059999942779541, 3.0510001182556152, 3.0399999618530273, 3.0759999752044678, 3.075000047683716, 3.069000005722046, 3.0759999752044678, 3.065999984741211, 3.061000108718872, 3.055999994277954, 3.052000045776367, 3.049999952316284, 3.0450000762939453, 3.0450000762939453, 3.0360000133514404, 3.0409998893737793, 3.0360000133514404, 3.0380001068115234, 3.0299999713897705, 3.0209999084472656, 2.937000036239624, 2.9230000972747803, 2.9739999771118164, 3.240999937057495, 3.871999979019165, 3.871999979019165, 3.881999969482422, 3.881999969482422, 3.872999906539917, 3.865000009536743, 3.86299991607666, 3.8559999465942383, 3.8499999046325684, 3.8450000286102295, 3.8369998931884766, 3.8310000896453857, 3.828000068664551, 3.8259999752044678, 3.819999933242798, 3.819000005722046, 3.812999963760376, 3.811000108718872, 3.808000087738037, 3.805999994277954, 3.7990000247955322, 3.802000045776367, 3.7960000038146973, 3.805999994277954, 3.7950000762939453, 3.7860000133514404, 3.7639999389648438, 3.747999906539917, 3.736999988555908, 3.7279999256134033, 3.736999988555908, 3.7690000534057617, 3.7750000953674316, 3.7720000743865967, 3.7739999294281006, 3.7690000534057617, 3.765000104904175, 3.759000062942505, 3.760999917984009, 3.763000011444092, 3.7639999389648438, 3.7639999389648438, 3.759999990463257, 3.752000093460083, 3.750999927520752, 3.746999979019165, 3.747999906539917, 3.750999927520752, 3.744999885559082, 3.7239999771118164, 3.6459999084472656, 3.263000011444092, 3.2309999465942383, 3.1740000247955322, 3.1740000247955322, 3.377000093460083, 3.377000093460083, 3.7239999771118164, 3.736999988555908, 3.734999895095825, 3.7309999465942383, 3.7269999980926514, 3.7130000591278076, 3.2669999599456787, 3.24399995803833, 3.312999963760376, 3.4049999713897705, 3.4040000438690186, 3.4030001163482666, 3.3929998874664307, 3.36299991607666, 2.3469998836517334, 2.2669999599456787, 2.2360000610351562, 2.2279999256134033, 2.2290000915527344, 2.2339999675750732, 2.243000030517578, 2.36299991607666, 2.680000066757202, 3.7279999256134033, 3.7279999256134033, 2.0889999866485596, 1.968000054359436, 1.9229999780654907, 1.9010000228881836, 1.8799999952316284, 1.875, 1.871000051498413, 1.8539999723434448, 1.031999945640564, 0.9049999713897705, 0.8709999918937683, 0.8640000224113464, 0.8629999756813049, 0.8679999709129333, 0.8740000128746033, 0.8679999709129333, 0.8889999985694885, 0.8529999852180481, 0.8759999871253967, 0.875, 0.8700000047683716, 0.8700000047683716, 0.878000020980835, 0.878000020980835, 0.8849999904632568, 0.8849999904632568, 0.8859999775886536, 0.8830000162124634, 0.8849999904632568, 0.8949999809265137, 0.8949999809265137, 0.8920000195503235, 0.8899999856948853, 0.8870000243186951, 0.8920000195503235, 0.8980000019073486, 0.8980000019073486, 0.8939999938011169, 0.9100000262260437, 0.9070000052452087, 0.9100000262260437, 0.9110000133514404, 0.9129999876022339, 0.9110000133514404, 0.9070000052452087, 0.9100000262260437, 0.9129999876022339, 0.9210000038146973, 0.921999990940094, 0.9179999828338623, 0.9110000133514404, 0.9200000166893005, 0.9139999747276306, 0.9100000262260437, 0.906000018119812, 0.902999997138977, 0.8870000243186951, 0.8930000066757202, 0.8899999856948853, 0.8740000128746033, 0.859000027179718, 0.8309999704360962, 0.8980000019073486, 0.9229999780654907, 0.9240000247955322, 0.9240000247955322, 0.9259999990463257, 0.9300000071525574, 0.9359999895095825, 0.9620000123977661, 0.9589999914169312, 0.9649999737739563, 0.9800000190734863, 0.9890000224113464, 0.9959999918937683, 0.9950000047683716, 0.9959999918937683, 0.9990000128746033, 1.00600004196167, 1.0099999904632568, 1.0149999856948853, 1.0299999713897705, 1.0429999828338623, 1.0420000553131104, 1.0399999618530273]
intensities: [498.0, 498.0, 501.0, 526.0, 527.0, 521.0, 529.0, 536.0, 529.0, 526.0, 522.0, 551.0, 551.0, 580.0, 633.0, 739.0, 739.0, 820.0, 902.0, 925.0, 946.0, 1016.0, 1071.0, 1086.0, 1104.0, 1144.0, 1165.0, 1165.0, 1179.0, 1220.0, 1218.0, 1245.0, 1255.0, 1288.0, 1291.0, 1302.0, 1353.0, 1374.0, 1374.0, 1369.0, 1385.0, 1385.0, 1378.0, 1385.0, 1389.0, 1368.0, 1363.0, 1373.0, 1384.0, 1401.0, 1382.0, 1382.0, 1374.0, 1366.0, 1353.0, 1335.0, 1292.0, 1181.0, 1146.0, 1143.0, 1045.0, 934.0, 809.0, 740.0, 833.0, 887.0, 1060.0, 1021.0, 1088.0, 1099.0, 1103.0, 1104.0, 1112.0, 1100.0, 1098.0, 1101.0, 1110.0, 1098.0, 1094.0, 1092.0, 1103.0, 1117.0, 1118.0, 1123.0, 1199.0, 1198.0, 1254.0, 1249.0, 1249.0, 1295.0, 1297.0, 1303.0, 1316.0, 1309.0, 1314.0, 1314.0, 1303.0, 1287.0, 1304.0, 1303.0, 1307.0, 1268.0, 1265.0, 1279.0, 1260.0, 1262.0, 1259.0, 1249.0, 1247.0, 1235.0, 1226.0, 1222.0, 1232.0, 1247.0, 1267.0, 1265.0, 1284.0, 1284.0, 1326.0, 1150.0, 888.0, 453.0, 394.0, 380.0, 370.0, 415.0, 471.0, 743.0, 842.0, 867.0, 886.0, 868.0, 877.0, 821.0, 801.0, 784.0, 778.0, 771.0, 775.0, 784.0, 763.0, 753.0, 757.0, 751.0, 765.0, 773.0, 773.0, 774.0, 775.0, 766.0, 762.0, 762.0, 753.0, 763.0, 765.0, 748.0, 778.0, 808.0, 808.0, 815.0, 799.0, 782.0, 777.0, 759.0, 759.0, 780.0, 780.0, 781.0, 743.0, 699.0, 692.0, 692.0, 692.0, 690.0, 690.0, 700.0, 714.0, 729.0, 768.0, 773.0, 729.0, 726.0, 700.0, 672.0, 664.0, 658.0, 582.0, 541.0, 504.0, 504.0, 0.0, 0.0, 0.0, 628.0, 628.0, 594.0, 560.0, 696.0, 763.0, 780.0, 783.0, 794.0, 789.0, 780.0, 780.0, 790.0, 785.0, 770.0, 780.0, 766.0, 752.0, 766.0, 752.0, 756.0, 743.0, 734.0, 732.0, 729.0, 730.0, 724.0, 720.0, 717.0, 717.0, 704.0, 712.0, 714.0, 694.0, 688.0, 683.0, 670.0, 670.0, 660.0, 643.0, 646.0, 650.0, 630.0, 620.0, 612.0, 603.0, 598.0, 598.0, 596.0, 581.0, 590.0, 592.0, 585.0, 578.0, 578.0, 568.0, 561.0, 561.0, 544.0, 537.0, 542.0, 544.0, 535.0, 531.0, 512.0, 503.0, 513.0, 506.0, 514.0, 502.0, 500.0, 498.0, 488.0, 488.0, 475.0, 468.0, 468.0, 461.0, 460.0, 454.0, 446.0, 445.0, 438.0, 425.0, 415.0, 409.0, 408.0, 397.0, 382.0, 383.0, 373.0, 371.0, 348.0, 365.0, 334.0, 352.0, 319.0, 305.0, 294.0, 337.0, 288.0, 287.0, 427.0, 561.0, 562.0, 543.0, 537.0, 500.0, 458.0, 458.0, 499.0, 492.0, 484.0, 481.0, 490.0, 499.0, 494.0, 510.0, 551.0, 568.0, 597.0, 650.0, 794.0, 995.0, 1103.0, 1122.0, 1134.0, 1125.0, 1127.0, 1127.0, 1161.0, 1154.0, 1147.0, 1134.0, 1134.0, 1125.0, 1122.0, 1130.0, 1141.0, 1138.0, 1137.0, 1154.0, 1150.0, 1146.0, 1135.0, 1131.0, 1141.0, 1139.0, 1129.0, 1129.0, 1124.0, 1124.0, 1119.0, 1119.0, 1134.0, 1144.0, 1139.0, 1142.0, 1139.0, 1109.0, 1122.0, 1122.0, 1135.0, 1135.0, 1134.0, 1132.0, 1126.0, 1120.0, 1116.0, 1129.0, 1112.0, 1118.0, 1126.0, 1122.0, 1117.0, 1122.0, 1096.0, 1120.0, 1118.0, 1099.0, 1094.0, 1096.0, 1106.0, 1111.0, 1110.0, 1088.0, 1105.0, 1107.0, 1107.0, 1100.0, 1099.0, 1098.0, 1096.0, 1092.0, 1098.0, 1080.0, 1086.0, 1092.0, 1103.0, 1104.0, 1105.0, 1086.0, 1098.0, 1113.0, 1092.0, 1086.0, 1090.0, 1080.0, 1070.0, 1103.0, 1103.0, 1098.0, 1072.0, 1057.0, 1035.0, 1013.0, 1240.0, 1394.0, 1464.0, 1444.0, 1385.0, 1229.0, 1116.0, 1154.0, 1191.0, 1192.0, 1208.0, 1216.0, 1221.0, 1211.0, 1220.0, 1228.0, 1221.0, 1215.0, 1219.0, 1220.0, 1220.0, 1211.0, 1208.0, 1205.0, 1218.0, 1219.0, 1225.0, 1230.0, 1235.0, 1235.0, 1173.0, 1179.0, 1136.0, 1153.0, 1160.0, 1160.0, 1247.0, 1301.0, 1377.0, 1561.0, 1584.0, 1580.0, 1556.0, 1525.0, 1058.0, 1054.0, 1040.0, 1041.0, 988.0, 988.0, 1271.0, 1248.0, 884.0, 1424.0, 1420.0, 1390.0, 1382.0, 1374.0, 1338.0, 1250.0, 1184.0, 1093.0, 1093.0, 1094.0, 1103.0, 1132.0, 1120.0, 1115.0, 1125.0, 1143.0, 1133.0, 1159.0, 1170.0, 1180.0, 1178.0, 1217.0, 1253.0, 1235.0, 1255.0, 1273.0, 1252.0, 1246.0, 1257.0, 1250.0, 1231.0, 1239.0, 1223.0, 1223.0, 1243.0, 1251.0, 1249.0, 1256.0, 1259.0, 1264.0, 1279.0, 1290.0, 1287.0, 1298.0, 1308.0, 1305.0, 1284.0, 1253.0, 1253.0, 1231.0, 1231.0, 1224.0, 1210.0, 1186.0, 1187.0, 1187.0, 1185.0, 1177.0, 1181.0, 1181.0, 1163.0, 1178.0, 1156.0, 1145.0, 1132.0, 1120.0, 1111.0, 1104.0, 1108.0, 1107.0, 1111.0, 1127.0, 1139.0, 1159.0, 1164.0, 1189.0, 1215.0, 1242.0, 1263.0, 1290.0, 1303.0, 1306.0, 1311.0, 1330.0, 1360.0, 1360.0, 1361.0, 1369.0, 1369.0, 1373.0, 1378.0, 1373.0, 1368.0, 1359.0, 1350.0, 1339.0, 1342.0, 1325.0, 1321.0, 1306.0, 1313.0, 1313.0, 1253.0, 1246.0, 1218.0, 1204.0, 1197.0, 1172.0, 1150.0, 1153.0, 1149.0, 1137.0, 1128.0, 1130.0, 1113.0, 1070.0, 1094.0, 1061.0, 1144.0, 1210.0, 1370.0, 1321.0, 1211.0, 1121.0, 1090.0, 1042.0, 1042.0, 1046.0, 1042.0, 1040.0, 1040.0, 1060.0, 1081.0, 1090.0, 1087.0, 1089.0, 1101.0, 1099.0, 1112.0, 1124.0, 1120.0, 1101.0, 1097.0, 1078.0, 1058.0, 1044.0, 997.0, 1000.0, 1037.0, 1032.0, 1065.0, 1053.0, 1049.0, 1047.0, 1035.0, 1026.0, 1026.0, 1028.0, 1030.0, 1045.0, 1062.0, 1104.0, 1124.0, 1146.0, 1150.0, 1140.0, 1156.0, 1144.0, 1217.0, 1270.0, 1316.0, 1308.0, 1308.0, 1174.0, 1202.0, 1126.0, 1133.0, 1200.0, 1269.0, 1273.0, 1294.0, 1370.0, 1403.0, 1379.0, 1375.0, 1378.0, 1307.0, 1299.0, 1258.0, 1124.0, 1114.0, 1039.0, 962.0, 868.0, 744.0, 560.0, 961.0, 960.0, 954.0, 944.0, 874.0, 844.0, 848.0, 843.0, 718.0, 611.0, 494.0, 479.0, 487.0, 524.0, 543.0, 543.0, 537.0, 532.0, 533.0, 545.0, 528.0, 529.0, 527.0, 526.0, 518.0, 534.0, 526.0, 528.0, 539.0, 532.0, 521.0, 528.0, 515.0, 515.0, 535.0, 532.0, 520.0, 518.0, 520.0, 528.0, 539.0, 559.0, 591.0, 609.0, 559.0, 505.0, 426.0, 0.0, 0.0, 0.0, 0.0, 0.0, 0.0, 0.0, 0.0, 0.0, 0.0, 0.0, 0.0, 0.0, 0.0, 0.0, 0.0, 0.0, 0.0, 0.0, 0.0, 0.0, 0.0, 0.0, 660.0, 692.0, 805.0, 843.0, 871.0, 877.0, 881.0, 866.0, 877.0, 880.0, 876.0, 878.0, 871.0, 872.0, 869.0, 870.0, 863.0, 869.0, 859.0, 867.0, 863.0, 859.0, 875.0, 875.0, 869.0, 868.0, 855.0, 858.0, 867.0, 863.0, 862.0, 860.0, 829.0, 736.0, 736.0, 0.0, 0.0, 0.0, 0.0, 0.0, 0.0, 0.0, 0.0, 0.0, 0.0, 0.0, 0.0, 0.0, 0.0, 0.0, 0.0, 0.0, 0.0, 0.0, 0.0, 0.0, 0.0, 0.0, 772.0, 793.0, 815.0, 811.0, 808.0, 814.0, 818.0, 810.0, 814.0, 809.0, 802.0, 807.0, 811.0, 805.0, 798.0, 796.0, 794.0, 798.0, 782.0, 793.0, 837.0, 825.0, 793.0, 588.0, 600.0, 528.0, 531.0, 523.0, 516.0, 530.0, 533.0, 507.0, 500.0, 501.0, 500.0, 510.0, 527.0, 515.0, 530.0, 530.0, 481.0, 701.0, 636.0, 613.0, 584.0, 572.0, 488.0, 586.0, 676.0, 767.0, 828.0, 829.0, 831.0, 842.0, 844.0, 837.0, 140.0, 662.0, 692.0, 695.0, 685.0, 687.0, 678.0, 654.0, 664.0, 639.0, 625.0, 591.0, 717.0, 843.0, 903.0, 889.0, 892.0, 880.0, 874.0, 862.0, 854.0, 856.0, 865.0, 855.0, 853.0, 837.0, 835.0, 839.0, 839.0, 836.0, 826.0, 818.0, 814.0, 795.0, 786.0, 767.0, 754.0, 748.0, 747.0, 914.0, 627.0, 621.0, 738.0, 895.0, 888.0, 867.0, 881.0, 832.0, 827.0, 826.0, 938.0, 941.0, 941.0, 972.0, 972.0, 990.0, 987.0, 1000.0, 1008.0, 992.0, 1009.0, 1000.0, 1019.0, 1005.0, 1017.0, 1001.0, 993.0, 870.0, 857.0, 851.0, 1069.0, 1005.0, 903.0, 902.0, 904.0, 908.0, 906.0, 913.0, 922.0, 929.0, 925.0, 932.0, 937.0, 930.0, 933.0, 927.0, 937.0, 918.0, 932.0, 937.0, 938.0, 921.0, 929.0, 913.0, 942.0, 925.0, 905.0, 881.0, 883.0, 884.0, 890.0, 891.0, 908.0, 919.0, 916.0, 923.0, 916.0, 920.0, 919.0, 915.0, 914.0, 918.0, 918.0, 909.0, 903.0, 915.0, 916.0, 920.0, 926.0, 919.0, 927.0, 889.0, 489.0, 474.0, 465.0, 490.0, 1040.0, 1040.0, 916.0, 925.0, 920.0, 908.0, 914.0, 950.0, 1112.0, 1123.0, 1098.0, 974.0, 970.0, 969.0, 942.0, 946.0, 1158.0, 1042.0, 1019.0, 1032.0, 1035.0, 1001.0, 968.0, 1277.0, 1373.0, 897.0, 897.0, 1291.0, 1073.0, 1100.0, 1120.0, 1132.0, 1122.0, 1126.0, 1112.0, 1302.0, 955.0, 966.0, 1048.0, 1031.0, 939.0, 902.0, 897.0, 1003.0, 1116.0, 1299.0, 1302.0, 1314.0, 1317.0, 1312.0, 1312.0, 1312.0, 1312.0, 1313.0, 1314.0, 1307.0, 1307.0, 1307.0, 1306.0, 1305.0, 1305.0, 1303.0, 1302.0, 1304.0, 1304.0, 1302.0, 1298.0, 1301.0, 1299.0, 1299.0, 1299.0, 1294.0, 1299.0, 1295.0, 1292.0, 1289.0, 1285.0, 1280.0, 1274.0, 1295.0, 1295.0, 1301.0, 1300.0, 1306.0, 1304.0, 1302.0, 1311.0, 1320.0, 1336.0, 1303.0, 1288.0, 1283.0, 1283.0, 1276.0, 1286.0, 1281.0, 1271.0, 1269.0, 1266.0, 1260.0, 1256.0, 1255.0, 1259.0, 1255.0, 1244.0, 1254.0, 1258.0, 1237.0, 1235.0, 1236.0, 1227.0, 1223.0]