header: 
  seq: 159
  stamp: 
    secs: 1545084461
    nsecs: 954928850
  frame_id: "base_link"
angle_min: -2.35619449615
angle_max: 2.35619449615
angle_increment: 0.00436332309619
time_increment: 1.73611151695e-05
scan_time: 0.0250000003725
range_min: 0.019999999553
range_max: 30.0
ranges: [0.14399999380111694, 0.16300000250339508, 0.20000000298023224, 0.2529999911785126, 0.3619999885559082, 0.328000009059906, 0.3019999861717224, 0.27900001406669617, 0.16899999976158142, 0.19300000369548798, 0.21400000154972076, 0.20999999344348907, 0.2150000035762787, 0.20800000429153442, 0.2160000056028366, 0.19900000095367432, 0.20200000703334808, 0.21799999475479126, 0.19499999284744263, 0.19699999690055847, 0.20100000500679016, 0.20399999618530273, 0.22100000083446503, 0.20200000703334808, 0.2280000001192093, 0.22300000488758087, 0.22499999403953552, 0.22599999606609344, 0.2160000056028366, 0.2240000069141388, 0.23899999260902405, 0.26600000262260437, 0.2540000081062317, 0.2709999978542328, 0.31299999356269836, 0.3580000102519989, 0.38499999046325684, 0.3840000033378601, 0.38199999928474426, 0.37599998712539673, 0.382999986410141, 0.3449999988079071, 0.26600000262260437, 0.2029999941587448, 0.1469999998807907, 0.12800000607967377, 0.12099999934434891, 0.11800000071525574, 0.16699999570846558, 0.20600000023841858, 0.24899999797344208, 0.2849999964237213, 0.35499998927116394, 0.36899998784065247, 0.3490000069141388, 0.3400000035762787, 0.3370000123977661, 0.3370000123977661, 0.3070000112056732, 0.2709999978542328, 0.2750000059604645, 0.2590000033378601, 0.2540000081062317, 0.25699999928474426, 0.2540000081062317, 0.25, 0.2630000114440918, 0.27399998903274536, 0.2840000092983246, 0.296999990940094, 0.3089999854564667, 0.3409999907016754, 0.4189999997615814, 0.4830000102519989, 0.5960000157356262, 0.6489999890327454, 0.6970000267028809, 0.718999981880188, 0.7229999899864197, 0.7310000061988831, 0.7329999804496765, 0.7300000190734863, 0.7300000190734863, 0.7289999723434448, 0.7269999980926514, 0.7269999980926514, 0.7350000143051147, 0.7409999966621399, 0.7459999918937683, 0.753000020980835, 0.7590000033378601, 0.7639999985694885, 0.7680000066757202, 0.7699999809265137, 0.7710000276565552, 0.7699999809265137, 0.777999997138977, 0.7789999842643738, 0.7860000133514404, 0.7839999794960022, 0.7799999713897705, 0.7919999957084656, 0.7950000166893005, 0.7990000247955322, 0.8050000071525574, 0.8109999895095825, 0.8159999847412109, 0.8169999718666077, 0.8169999718666077, 0.8199999928474426, 0.8199999928474426, 0.8270000219345093, 0.8299999833106995, 0.8309999704360962, 0.8339999914169312, 0.8389999866485596, 0.8420000076293945, 0.847000002861023, 0.847000002861023, 0.8600000143051147, 0.8659999966621399, 0.8769999742507935, 0.878000020980835, 0.8769999742507935, 0.8970000147819519, 0.8560000061988831, 0.8569999933242798, 0.8650000095367432, 0.8799999952316284, 0.8399999737739563, 0.8840000033378601, 0.8790000081062317, 0.8949999809265137, 0.8840000033378601, 0.8889999985694885, 0.8889999985694885, 0.890999972820282, 0.8980000019073486, 0.906000018119812, 0.906000018119812, 0.9079999923706055, 0.9010000228881836, 0.9139999747276306, 0.9039999842643738, 0.9010000228881836, 0.9039999842643738, 0.9129999876022339, 0.9120000004768372, 0.9139999747276306, 0.9129999876022339, 0.9139999747276306, 0.9169999957084656, 0.921999990940094, 0.9259999990463257, 0.9290000200271606, 0.9240000247955322, 0.9229999780654907, 0.9229999780654907, 0.925000011920929, 0.9279999732971191, 0.9290000200271606, 0.925000011920929, 0.9229999780654907, 0.9210000038146973, 0.9340000152587891, 0.9350000023841858, 0.9319999814033508, 0.9300000071525574, 0.9229999780654907, 0.9160000085830688, 0.9169999957084656, 0.9279999732971191, 0.9330000281333923, 0.9319999814033508, 0.9169999957084656, 0.8799999952316284, 0.8799999952316284, 65.53299713134766, 65.53299713134766, 0.4059999883174896, 0.4009999930858612, 0.3959999978542328, 0.4230000078678131, 0.4440000057220459, 0.4309999942779541, 0.43299999833106995, 0.4449999928474426, 0.4440000057220459, 0.4449999928474426, 0.4390000104904175, 0.4429999887943268, 0.4449999928474426, 0.4440000057220459, 0.4449999928474426, 0.4449999928474426, 0.4390000104904175, 0.4440000057220459, 0.453000009059906, 0.45399999618530273, 0.4519999921321869, 0.44999998807907104, 0.44999998807907104, 0.4560000002384186, 0.4490000009536743, 0.4519999921321869, 0.46700000762939453, 0.46700000762939453, 0.4650000035762787, 0.4650000035762787, 0.47200000286102295, 0.4699999988079071, 0.4699999988079071, 0.46799999475479126, 0.4729999899864197, 0.46399998664855957, 0.46799999475479126, 0.46399998664855957, 0.4620000123977661, 0.47099998593330383, 0.47099998593330383, 0.4790000021457672, 0.4830000102519989, 0.4779999852180481, 0.4740000069141388, 0.47999998927116394, 0.47999998927116394, 0.47999998927116394, 0.4880000054836273, 0.4880000054836273, 0.4830000102519989, 0.48899999260902405, 0.4909999966621399, 0.4950000047683716, 0.5019999742507935, 0.49799999594688416, 0.5009999871253967, 0.5009999871253967, 0.5040000081062317, 0.5040000081062317, 0.4950000047683716, 0.4950000047683716, 0.5, 0.5070000290870667, 0.5090000033378601, 0.5139999985694885, 0.5109999775886536, 0.5109999775886536, 0.5149999856948853, 0.5249999761581421, 0.5299999713897705, 0.5289999842643738, 0.531000018119812, 0.5400000214576721, 0.5379999876022339, 0.5450000166893005, 0.5600000023841858, 0.5580000281333923, 0.5540000200271606, 0.5509999990463257, 0.5630000233650208, 0.5770000219345093, 0.5690000057220459, 0.5669999718666077, 0.574999988079071, 0.5770000219345093, 0.5910000205039978, 0.5889999866485596, 0.6150000095367432, 0.6209999918937683, 0.6209999918937683, 0.6240000128746033, 0.628000020980835, 0.6349999904632568, 0.6340000033378601, 0.640999972820282, 0.6420000195503235, 0.6420000195503235, 0.6499999761581421, 0.6690000295639038, 0.6729999780654907, 0.6549999713897705, 0.6460000276565552, 0.6420000195503235, 0.652999997138977, 0.6470000147819519, 0.6470000147819519, 0.671999990940094, 0.6729999780654907, 0.6729999780654907, 0.6759999990463257, 0.6759999990463257, 0.699999988079071, 0.6790000200271606, 0.6899999976158142, 0.6930000185966492, 0.699999988079071, 0.7179999947547913, 0.7070000171661377, 0.7229999899864197, 0.7319999933242798, 0.7009999752044678, 0.7250000238418579, 0.753000020980835, 0.7480000257492065, 0.7459999918937683, 0.7419999837875366, 0.7519999742507935, 0.7730000019073486, 0.7889999747276306, 0.7129999995231628, 0.6420000195503235, 65.53299713134766, 65.53299713134766, 65.53299713134766, 65.53299713134766, 65.53299713134766, 65.53299713134766, 65.53299713134766, 0.8999999761581421, 0.8999999761581421, 0.8999999761581421, 1.0549999475479126, 1.090999960899353, 1.0950000286102295, 1.1009999513626099, 1.0989999771118164, 1.1399999856948853, 1.1449999809265137, 1.1430000066757202, 1.1449999809265137, 1.1469999551773071, 1.149999976158142, 1.1490000486373901, 1.1510000228881836, 1.156999945640564, 1.156999945640564, 1.1549999713897705, 1.1540000438690186, 1.1540000438690186, 1.1510000228881836, 1.152999997138977, 1.1610000133514404, 1.1540000438690186, 1.1519999504089355, 1.1540000438690186, 1.0529999732971191, 1.0160000324249268, 0.9399999976158142, 0.9290000200271606, 0.9269999861717224, 0.9200000166893005, 0.9210000038146973, 0.9269999861717224, 0.9399999976158142, 0.9390000104904175, 0.9390000104904175, 0.9340000152587891, 0.9359999895095825, 0.9369999766349792, 0.9359999895095825, 0.9409999847412109, 0.9419999718666077, 0.9419999718666077, 0.9419999718666077, 0.9409999847412109, 0.9509999752044678, 0.9580000042915344, 0.9549999833106995, 0.953000009059906, 0.9589999914169312, 0.9599999785423279, 0.9620000123977661, 0.9670000076293945, 0.9670000076293945, 0.9620000123977661, 0.968999981880188, 0.9729999899864197, 0.972000002861023, 0.9739999771118164, 0.9779999852180481, 0.9829999804496765, 0.9909999966621399, 0.9909999966621399, 0.9929999709129333, 0.9909999966621399, 0.9909999966621399, 1.003000020980835, 1.0069999694824219, 1.003999948501587, 1.0019999742507935, 1.0110000371932983, 1.0160000324249268, 1.0190000534057617, 1.024999976158142, 1.0299999713897705, 1.0329999923706055, 1.0420000553131104, 1.0369999408721924, 1.0390000343322754, 1.0440000295639038, 1.0490000247955322, 1.062000036239624, 1.0640000104904175, 1.065999984741211, 1.0700000524520874, 1.0770000219345093, 1.0770000219345093, 1.0829999446868896, 1.093000054359436, 1.0920000076293945, 1.0959999561309814, 1.0980000495910645, 1.1039999723434448, 1.1150000095367432, 1.1449999809265137, 1.2940000295639038, 1.3140000104904175, 1.3509999513626099, 1.3539999723434448, 1.3609999418258667, 1.3639999628067017, 1.371000051498413, 1.371999979019165, 1.3839999437332153, 1.3899999856948853, 1.3880000114440918, 1.3949999809265137, 1.399999976158142, 1.4010000228881836, 1.402999997138977, 1.4040000438690186, 1.4049999713897705, 1.1380000114440918, 1.0920000076293945, 1.0700000524520874, 1.0670000314712524, 1.0579999685287476, 1.0440000295639038, 1.0490000247955322, 1.0490000247955322, 1.0420000553131104, 1.031000018119812, 1.031000018119812, 1.0269999504089355, 1.0240000486373901, 1.0269999504089355, 1.031999945640564, 1.034999966621399, 1.034999966621399, 1.031999945640564, 1.0460000038146973, 1.0479999780654907, 1.0609999895095825, 1.059999942779541, 1.062999963760376, 1.0829999446868896, 1.1260000467300415, 1.1720000505447388, 1.5260000228881836, 1.569000005722046, 1.5870000123977661, 1.6030000448226929, 1.6130000352859497, 1.6200000047683716, 1.6369999647140503, 1.6399999856948853, 1.6460000276565552, 1.656999945640564, 1.656000018119812, 1.6660000085830688, 1.6770000457763672, 1.6790000200271606, 1.6859999895095825, 1.694000005722046, 1.7059999704360962, 1.718999981880188, 1.7269999980926514, 1.7359999418258667, 1.718000054359436, 1.7369999885559082, 1.7280000448226929, 1.7239999771118164, 1.7209999561309814, 1.7130000591278076, 1.7079999446868896, 1.7050000429153442, 1.7009999752044678, 1.6890000104904175, 1.6770000457763672, 1.6790000200271606, 1.6779999732971191, 1.6660000085830688, 1.6649999618530273, 1.6549999713897705, 1.649999976158142, 1.6460000276565552, 1.6390000581741333, 1.6339999437332153, 1.625, 1.621999979019165, 1.6230000257492065, 1.6139999628067017, 1.6119999885559082, 1.621000051498413, 1.6390000581741333, 1.6610000133514404, 1.7100000381469727, 1.871000051498413, 2.0450000762939453, 2.072999954223633, 2.0940001010894775, 2.1110000610351562, 2.128000020980835, 2.1429998874664307, 2.1760001182556152, 2.180000066757202, 2.197000026702881, 2.2320001125335693, 2.242000102996826, 2.2679998874664307, 2.2829999923706055, 2.2990000247955322, 2.3259999752044678, 2.3480000495910645, 2.369999885559082, 2.381999969482422, 2.390000104904175, 2.427000045776367, 2.428999900817871, 0.8870000243186951, 1.0410000085830688, 0.8500000238418579, 0.8159999847412109, 0.8009999990463257, 0.7850000262260437, 0.7789999842643738, 0.7839999794960022, 0.7730000019073486, 0.7699999809265137, 0.7730000019073486, 0.765999972820282, 0.7649999856948853, 0.7570000290870667, 0.746999979019165, 0.7429999709129333, 0.7400000095367432, 0.7369999885559082, 0.722000002861023, 0.7129999995231628, 0.7120000123977661, 0.722000002861023, 0.7210000157356262, 0.7160000205039978, 0.7200000286102295, 0.722000002861023, 0.7200000286102295, 0.718999981880188, 0.7250000238418579, 0.7250000238418579, 0.7200000286102295, 0.7179999947547913, 0.7149999737739563, 0.7120000123977661, 0.7120000123977661, 0.7099999785423279, 0.7080000042915344, 0.703000009059906, 0.7139999866485596, 0.703000009059906, 0.7059999704360962, 0.6919999718666077, 0.6919999718666077, 0.6990000009536743, 0.6990000009536743, 0.6959999799728394, 0.6909999847412109, 0.6940000057220459, 0.6940000057220459, 0.6909999847412109, 0.6859999895095825, 0.6840000152587891, 0.6769999861717224, 0.6639999747276306, 0.6570000052452087, 0.6579999923706055, 0.6589999794960022, 0.6549999713897705, 0.6380000114440918, 0.6430000066757202, 0.6340000033378601, 0.6269999742507935, 0.6230000257492065, 0.621999979019165, 0.6140000224113464, 0.6129999756813049, 0.6110000014305115, 0.6119999885559082, 0.609000027179718, 0.6029999852180481, 0.5989999771118164, 0.597000002861023, 0.5950000286102295, 0.5929999947547913, 0.5839999914169312, 0.5799999833106995, 0.5910000205039978, 0.593999981880188, 0.5929999947547913, 0.5899999737739563, 0.5799999833106995, 0.5799999833106995, 0.5820000171661377, 0.5910000205039978, 0.6000000238418579, 0.6010000109672546, 0.6029999852180481, 0.6029999852180481, 0.6029999852180481, 0.6240000128746033, 0.621999979019165, 0.6269999742507935, 0.6349999904632568, 0.6380000114440918, 0.6340000033378601, 0.6309999823570251, 0.6309999823570251, 0.6309999823570251, 0.6159999966621399, 0.5989999771118164, 0.609000027179718, 0.5979999899864197, 0.5920000076293945, 0.5950000286102295, 0.5989999771118164, 0.6000000238418579, 0.5979999899864197, 0.5830000042915344, 0.5830000042915344, 0.5699999928474426, 0.5730000138282776, 0.5730000138282776, 0.5759999752044678, 0.5809999704360962, 0.5849999785423279, 0.5849999785423279, 0.5809999704360962, 0.5799999833106995, 0.5770000219345093, 0.578000009059906, 0.578000009059906, 0.5799999833106995, 0.5659999847412109, 0.574999988079071, 0.5709999799728394, 0.5619999766349792, 0.5619999766349792, 0.5649999976158142, 0.5709999799728394, 0.5709999799728394, 0.5580000281333923, 0.5580000281333923, 0.5640000104904175, 0.5640000104904175, 0.5630000233650208, 0.5630000233650208, 0.5680000185966492, 0.5559999942779541, 0.5680000185966492, 0.5649999976158142, 0.5799999833106995, 0.5809999704360962, 0.5860000252723694, 0.5989999771118164, 0.6140000224113464, 0.6140000224113464, 0.625, 0.621999979019165, 0.6240000128746033, 0.6320000290870667, 0.6420000195503235, 0.6359999775886536, 0.6420000195503235, 0.6399999856948853, 0.7739999890327454, 0.6800000071525574, 3.1470000743865967, 3.1470000743865967, 3.111999988555908, 3.063999891281128, 3.01200008392334, 2.9609999656677246, 2.943000078201294, 2.9130001068115234, 2.86899995803833, 11.02299976348877, 11.050000190734863, 11.059000015258789, 11.072999954223633, 11.085000038146973, 11.104999542236328, 11.109999656677246, 11.144000053405762, 11.145999908447266, 11.159000396728516, 11.1850004196167, 11.196999549865723, 11.20199966430664, 11.223999977111816, 11.232000350952148, 11.244000434875488, 11.262999534606934, 11.288000106811523, 11.317999839782715, 11.32699966430664, 11.35200023651123, 11.37600040435791, 11.37399959564209, 11.394000053405762, 11.413999557495117, 11.428999900817871, 11.430000305175781, 11.390000343322754, 11.293999671936035, 11.227999687194824, 11.222999572753906, 11.222000122070312, 11.23900032043457, 11.241000175476074, 11.262999534606934, 65.53299713134766, 65.53299713134766, 65.53299713134766, 65.53299713134766, 65.53299713134766, 65.53299713134766, 65.53299713134766, 65.53299713134766, 65.53299713134766, 65.53299713134766, 65.53299713134766, 65.53299713134766, 65.53299713134766, 65.53299713134766, 65.53299713134766, 65.53299713134766, 65.53299713134766, 65.53299713134766, 65.53299713134766, 65.53299713134766, 65.53299713134766, 65.53299713134766, 65.53299713134766, 65.53299713134766, 65.53299713134766, 3.8959999084472656, 3.9040000438690186, 3.878999948501587, 3.885999917984009, 3.8919999599456787, 3.8980000019073486, 3.9030001163482666, 3.9089999198913574, 3.9260001182556152, 3.930000066757202, 3.946000099182129, 3.9609999656677246, 3.9670000076293945, 3.984999895095825, 3.992000102996826, 4.01200008392334, 4.00600004196167, 4.025000095367432, 4.0370001792907715, 4.053999900817871, 4.064000129699707, 4.078999996185303, 4.085999965667725, 4.105999946594238, 4.114999771118164, 4.126999855041504, 4.145999908447266, 4.150000095367432, 4.171000003814697, 4.172999858856201, 4.188000202178955, 4.197000026702881, 4.205999851226807, 4.186999797821045, 65.53299713134766, 65.53299713134766, 65.53299713134766, 65.53299713134766, 65.53299713134766, 65.53299713134766, 65.53299713134766, 65.53299713134766, 65.53299713134766, 65.53299713134766, 65.53299713134766, 65.53299713134766, 65.53299713134766, 65.53299713134766, 65.53299713134766, 65.53299713134766, 65.53299713134766, 65.53299713134766, 65.53299713134766, 65.53299713134766, 65.53299713134766, 65.53299713134766, 65.53299713134766, 65.53299713134766, 4.473999977111816, 4.478000164031982, 4.48199987411499, 4.4670000076293945, 4.4730000495910645, 4.4730000495910645, 4.482999801635742, 4.493000030517578, 4.499000072479248, 4.494999885559082, 4.505000114440918, 4.508999824523926, 4.510000228881836, 4.514999866485596, 4.514999866485596, 4.525000095367432, 4.51800012588501, 3.609999895095825, 3.4730000495910645, 3.4549999237060547, 3.4709999561309814, 3.4779999256134033, 3.4649999141693115, 3.4709999561309814, 3.4779999256134033, 3.49399995803833, 3.4749999046325684, 3.450000047683716, 3.428999900817871, 3.4159998893737793, 3.4000000953674316, 3.382999897003174, 3.377000093460083, 3.378999948501587, 3.38100004196167, 3.4079999923706055, 3.4070000648498535, 3.4140000343322754, 3.4609999656677246, 3.50600004196167, 3.486999988555908, 3.4809999465942383, 4.017000198364258, 4.651000022888184, 4.632999897003174, 4.61899995803833, 4.613999843597412, 4.6020002365112305, 4.590000152587891, 4.568999767303467, 4.551000118255615, 4.546999931335449, 4.525000095367432, 4.514999866485596, 4.506999969482422, 4.486999988555908, 4.480000019073486, 4.466000080108643, 4.459000110626221, 4.442999839782715, 2.9790000915527344, 3.0280001163482666, 3.0369999408721924, 3.0439999103546143, 3.0480000972747803, 3.069000005722046, 3.0940001010894775, 3.115999937057495, 3.1429998874664307, 3.1619999408721924, 3.1989998817443848, 3.2249999046325684, 3.2339999675750732, 3.2820000648498535, 3.305000066757202, 3.3489999771118164, 3.368000030517578, 3.4000000953674316, 3.4149999618530273, 3.436000108718872, 3.4590001106262207, 3.497999906539917, 3.5399999618530273, 3.575000047683716, 3.615000009536743, 3.6470000743865967, 3.6730000972747803, 3.697000026702881, 3.746999979019165, 3.7679998874664307, 3.799999952316284, 3.8269999027252197, 3.865000009536743, 3.9130001068115234, 3.9539999961853027, 3.996999979019165, 4.0320000648498535, 4.039000034332275, 4.064000129699707, 4.080999851226807, 4.078000068664551, 4.074999809265137, 4.064000129699707, 4.051000118255615, 4.051000118255615, 4.0269999504089355, 4.0279998779296875, 4.0279998779296875, 3.9860000610351562, 3.986999988555908, 3.015000104904175, 2.865999937057495, 2.8580000400543213, 2.8889999389648438, 3.0920000076293945, 3.0910000801086426, 2.946000099182129, 2.8480000495910645, 2.8239998817443848, 2.7790000438690186, 2.7660000324249268, 2.7360000610351562, 2.7239999771118164, 2.6989998817443848, 2.6760001182556152, 2.678999900817871, 2.681999921798706, 2.6740000247955322, 2.674999952316284, 2.674999952316284, 2.677000045776367, 2.677999973297119, 2.7009999752044678, 2.7939999103546143, 2.9030001163482666, 3.0799999237060547, 3.8589999675750732, 3.859999895095825, 3.86899995803833, 3.867000102996826, 3.8570001125335693, 3.8420000076293945, 3.819999933242798, 3.2880001068115234, 3.1500000953674316, 3.1500000953674316, 3.2230000495910645, 3.3410000801086426, 3.2690000534057617, 3.312999963760376, 3.805000066757202, 3.805999994277954, 3.802999973297119, 3.7679998874664307, 3.750999927520752, 3.752000093460083, 3.7360000610351562, 2.510999917984009, 2.4089999198913574, 3.7860000133514404, 3.7860000133514404, 3.7890000343322754, 4.001999855041504, 4.046999931335449, 65.53299713134766, 65.53299713134766, 65.53299713134766, 65.53299713134766, 4.2210001945495605, 4.2210001945495605, 65.53299713134766, 65.53299713134766, 65.53299713134766, 65.53299713134766, 65.53299713134766, 65.53299713134766, 65.53299713134766, 65.53299713134766, 65.53299713134766, 65.53299713134766, 65.53299713134766, 65.53299713134766, 2.996000051498413, 2.9059998989105225, 3.1610000133514404, 3.441999912261963, 3.6619999408721924, 3.759000062942505, 3.7690000534057617, 3.7669999599456787, 3.7679998874664307, 3.7660000324249268, 3.7739999294281006, 3.7690000534057617, 3.7669999599456787, 3.759000062942505, 3.753999948501587, 3.7230000495910645, 3.7149999141693115, 3.7690000534057617, 3.7730000019073486, 3.7739999294281006, 3.7739999294281006, 3.7829999923706055, 3.7839999198913574, 3.7839999198913574, 3.7829999923706055, 3.7790000438690186, 3.747999906539917, 3.628000020980835, 2.6389999389648438, 2.0450000762939453, 1.968000054359436, 1.9730000495910645, 1.9809999465942383, 1.975000023841858, 1.9670000076293945, 1.9589999914169312, 1.9279999732971191, 1.9240000247955322, 1.934000015258789, 1.9279999732971191, 1.9450000524520874, 1.940000057220459, 1.9220000505447388, 1.9140000343322754, 1.906000018119812, 1.9110000133514404, 1.9160000085830688, 1.9179999828338623, 1.9179999828338623, 1.9229999780654907, 1.9249999523162842, 1.9279999732971191, 1.9279999732971191, 1.9229999780654907, 1.9179999828338623, 1.9160000085830688, 1.9930000305175781, 2.0380001068115234, 2.0799999237060547, 1.965999960899353, 2.0460000038146973, 4.005000114440918, 4.057000160217285, 4.071000099182129, 4.078999996185303, 4.084000110626221, 4.0879998207092285, 4.078999996185303, 4.039999961853027, 4.017000198364258, 4.021999835968018, 4.090000152587891, 4.172999858856201, 4.257999897003174, 4.585999965667725, 4.567999839782715, 4.507999897003174, 4.449999809265137, 4.394999980926514, 4.339000225067139, 4.275000095367432, 4.2220001220703125, 4.171000003814697, 4.11899995803833, 4.067999839782715, 4.01800012588501, 3.9730000495910645]
intensities: [507.0, 531.0, 577.0, 646.0, 828.0, 750.0, 631.0, 540.0, 433.0, 467.0, 494.0, 555.0, 579.0, 575.0, 582.0, 525.0, 502.0, 525.0, 525.0, 540.0, 537.0, 525.0, 557.0, 537.0, 566.0, 547.0, 548.0, 588.0, 609.0, 599.0, 548.0, 539.0, 518.0, 532.0, 608.0, 614.0, 664.0, 663.0, 662.0, 673.0, 715.0, 664.0, 612.0, 546.0, 518.0, 516.0, 531.0, 530.0, 623.0, 687.0, 740.0, 763.0, 812.0, 771.0, 706.0, 682.0, 654.0, 654.0, 632.0, 647.0, 713.0, 742.0, 776.0, 803.0, 830.0, 832.0, 893.0, 955.0, 982.0, 999.0, 1013.0, 1004.0, 984.0, 967.0, 929.0, 948.0, 953.0, 993.0, 1004.0, 1031.0, 1042.0, 1071.0, 1071.0, 1097.0, 1100.0, 1100.0, 1156.0, 1187.0, 1223.0, 1270.0, 1273.0, 1285.0, 1320.0, 1310.0, 1296.0, 1272.0, 1290.0, 1287.0, 1272.0, 1261.0, 1261.0, 1245.0, 1229.0, 1272.0, 1261.0, 1240.0, 1238.0, 1244.0, 1228.0, 1236.0, 1200.0, 1201.0, 1207.0, 1203.0, 1211.0, 1198.0, 1203.0, 1211.0, 1211.0, 1242.0, 1274.0, 1305.0, 1281.0, 1148.0, 864.0, 446.0, 384.0, 330.0, 320.0, 368.0, 601.0, 782.0, 823.0, 822.0, 825.0, 824.0, 823.0, 830.0, 832.0, 828.0, 823.0, 813.0, 828.0, 819.0, 808.0, 807.0, 806.0, 808.0, 808.0, 801.0, 803.0, 787.0, 792.0, 791.0, 802.0, 790.0, 774.0, 772.0, 774.0, 771.0, 770.0, 773.0, 775.0, 768.0, 763.0, 757.0, 747.0, 740.0, 726.0, 725.0, 715.0, 716.0, 695.0, 685.0, 639.0, 562.0, 562.0, 0.0, 0.0, 714.0, 735.0, 757.0, 731.0, 735.0, 777.0, 795.0, 816.0, 825.0, 839.0, 830.0, 834.0, 829.0, 817.0, 818.0, 822.0, 808.0, 814.0, 822.0, 813.0, 807.0, 805.0, 806.0, 805.0, 780.0, 786.0, 785.0, 788.0, 799.0, 786.0, 789.0, 783.0, 783.0, 777.0, 768.0, 744.0, 751.0, 750.0, 744.0, 743.0, 737.0, 735.0, 735.0, 725.0, 717.0, 722.0, 714.0, 709.0, 713.0, 713.0, 695.0, 696.0, 695.0, 683.0, 687.0, 667.0, 672.0, 659.0, 654.0, 654.0, 632.0, 628.0, 626.0, 627.0, 605.0, 602.0, 597.0, 592.0, 589.0, 587.0, 580.0, 579.0, 579.0, 574.0, 566.0, 570.0, 570.0, 567.0, 551.0, 539.0, 543.0, 550.0, 543.0, 530.0, 526.0, 526.0, 533.0, 527.0, 530.0, 525.0, 523.0, 520.0, 519.0, 516.0, 516.0, 508.0, 504.0, 504.0, 495.0, 493.0, 479.0, 449.0, 440.0, 436.0, 429.0, 410.0, 414.0, 364.0, 333.0, 333.0, 352.0, 336.0, 354.0, 339.0, 348.0, 316.0, 291.0, 298.0, 282.0, 291.0, 290.0, 256.0, 243.0, 236.0, 226.0, 209.0, 155.0, 162.0, 192.0, 184.0, 126.0, 79.0, 0.0, 0.0, 0.0, 0.0, 0.0, 0.0, 0.0, 304.0, 304.0, 304.0, 416.0, 453.0, 537.0, 582.0, 693.0, 1027.0, 1110.0, 1116.0, 1123.0, 1136.0, 1154.0, 1153.0, 1155.0, 1139.0, 1141.0, 1136.0, 1128.0, 1121.0, 1130.0, 1107.0, 1141.0, 1110.0, 1124.0, 1151.0, 1155.0, 1175.0, 788.0, 691.0, 744.0, 845.0, 854.0, 866.0, 849.0, 847.0, 847.0, 827.0, 823.0, 820.0, 803.0, 810.0, 808.0, 794.0, 794.0, 785.0, 783.0, 779.0, 771.0, 755.0, 765.0, 753.0, 755.0, 762.0, 762.0, 730.0, 725.0, 729.0, 724.0, 721.0, 716.0, 702.0, 701.0, 699.0, 695.0, 692.0, 681.0, 686.0, 672.0, 666.0, 661.0, 650.0, 645.0, 642.0, 638.0, 637.0, 635.0, 632.0, 628.0, 631.0, 628.0, 625.0, 624.0, 614.0, 598.0, 588.0, 589.0, 589.0, 589.0, 586.0, 578.0, 564.0, 575.0, 576.0, 590.0, 575.0, 693.0, 783.0, 1016.0, 1045.0, 1113.0, 1101.0, 1089.0, 1084.0, 1100.0, 1103.0, 1088.0, 1082.0, 1093.0, 1089.0, 1092.0, 1099.0, 1114.0, 1236.0, 1217.0, 1182.0, 1172.0, 1167.0, 1111.0, 1157.0, 1171.0, 1238.0, 1230.0, 1259.0, 1306.0, 1327.0, 1327.0, 1303.0, 1281.0, 1263.0, 1159.0, 1125.0, 1120.0, 1237.0, 1234.0, 1235.0, 1256.0, 1280.0, 1273.0, 1135.0, 1103.0, 1110.0, 1105.0, 1112.0, 1105.0, 1098.0, 1103.0, 1097.0, 1093.0, 1076.0, 1099.0, 1106.0, 1092.0, 1104.0, 1110.0, 1110.0, 1105.0, 1070.0, 1043.0, 909.0, 900.0, 919.0, 1022.0, 1080.0, 1124.0, 1100.0, 1104.0, 1112.0, 1111.0, 1111.0, 1121.0, 1122.0, 1101.0, 1131.0, 1117.0, 1125.0, 1122.0, 1109.0, 1099.0, 1104.0, 1124.0, 1128.0, 1109.0, 1109.0, 1145.0, 1192.0, 1193.0, 1176.0, 1121.0, 1033.0, 1028.0, 1019.0, 1014.0, 1007.0, 1004.0, 984.0, 982.0, 975.0, 976.0, 979.0, 973.0, 979.0, 974.0, 962.0, 973.0, 967.0, 966.0, 962.0, 957.0, 954.0, 206.0, 1500.0, 1572.0, 1465.0, 1351.0, 1344.0, 1314.0, 1363.0, 1419.0, 1454.0, 1558.0, 1601.0, 1413.0, 1475.0, 1367.0, 1368.0, 1412.0, 1465.0, 1575.0, 1601.0, 1636.0, 1761.0, 1784.0, 1772.0, 1785.0, 1757.0, 1759.0, 1774.0, 1810.0, 1817.0, 1674.0, 1627.0, 1598.0, 1513.0, 1538.0, 1516.0, 1544.0, 1543.0, 1513.0, 1230.0, 1222.0, 1109.0, 1109.0, 1112.0, 1112.0, 1113.0, 1105.0, 1115.0, 1115.0, 1110.0, 1107.0, 1111.0, 1123.0, 1109.0, 1103.0, 1090.0, 1098.0, 1129.0, 1235.0, 1524.0, 1461.0, 1607.0, 1627.0, 1447.0, 1308.0, 1313.0, 1319.0, 1263.0, 1217.0, 1196.0, 1243.0, 1228.0, 1217.0, 1199.0, 1212.0, 1223.0, 1384.0, 1434.0, 1437.0, 1387.0, 1278.0, 1278.0, 1227.0, 1232.0, 1262.0, 1260.0, 1257.0, 1174.0, 1127.0, 1241.0, 1200.0, 1350.0, 1399.0, 1413.0, 1418.0, 1391.0, 1388.0, 1391.0, 1342.0, 1293.0, 1455.0, 1652.0, 1678.0, 1677.0, 1645.0, 1535.0, 1384.0, 1344.0, 1515.0, 1449.0, 1565.0, 1552.0, 1538.0, 1519.0, 1499.0, 1503.0, 1419.0, 1404.0, 1391.0, 1383.0, 1389.0, 1389.0, 1248.0, 1367.0, 1659.0, 1753.0, 1753.0, 1793.0, 1764.0, 1764.0, 1632.0, 1632.0, 1636.0, 1526.0, 1454.0, 1399.0, 1215.0, 1118.0, 1128.0, 1107.0, 1166.0, 1191.0, 1166.0, 1258.0, 1301.0, 1312.0, 1305.0, 1296.0, 1301.0, 1243.0, 1220.0, 1147.0, 1121.0, 974.0, 1307.0, 484.0, 902.0, 902.0, 910.0, 854.0, 855.0, 851.0, 845.0, 781.0, 554.0, 509.0, 526.0, 526.0, 526.0, 532.0, 534.0, 524.0, 532.0, 524.0, 519.0, 517.0, 523.0, 515.0, 525.0, 525.0, 518.0, 510.0, 523.0, 514.0, 505.0, 512.0, 513.0, 505.0, 512.0, 509.0, 514.0, 513.0, 525.0, 543.0, 578.0, 591.0, 559.0, 488.0, 416.0, 271.0, 0.0, 0.0, 0.0, 0.0, 0.0, 0.0, 0.0, 0.0, 0.0, 0.0, 0.0, 0.0, 0.0, 0.0, 0.0, 0.0, 0.0, 0.0, 0.0, 0.0, 0.0, 0.0, 0.0, 0.0, 0.0, 745.0, 771.0, 833.0, 876.0, 881.0, 866.0, 868.0, 865.0, 865.0, 862.0, 860.0, 850.0, 847.0, 864.0, 860.0, 868.0, 836.0, 815.0, 735.0, 729.0, 717.0, 719.0, 727.0, 717.0, 702.0, 699.0, 704.0, 697.0, 689.0, 683.0, 668.0, 663.0, 669.0, 648.0, 0.0, 0.0, 0.0, 0.0, 0.0, 0.0, 0.0, 0.0, 0.0, 0.0, 0.0, 0.0, 0.0, 0.0, 0.0, 0.0, 0.0, 0.0, 0.0, 0.0, 0.0, 0.0, 0.0, 0.0, 878.0, 878.0, 878.0, 822.0, 823.0, 816.0, 814.0, 799.0, 771.0, 742.0, 761.0, 786.0, 789.0, 791.0, 781.0, 799.0, 793.0, 955.0, 821.0, 815.0, 740.0, 715.0, 776.0, 828.0, 746.0, 757.0, 779.0, 814.0, 839.0, 839.0, 821.0, 814.0, 820.0, 839.0, 826.0, 825.0, 801.0, 692.0, 588.0, 526.0, 406.0, 328.0, 811.0, 627.0, 623.0, 643.0, 646.0, 653.0, 660.0, 675.0, 682.0, 686.0, 693.0, 698.0, 705.0, 710.0, 718.0, 723.0, 733.0, 736.0, 341.0, 731.0, 839.0, 846.0, 842.0, 841.0, 840.0, 833.0, 832.0, 835.0, 828.0, 821.0, 816.0, 824.0, 831.0, 861.0, 852.0, 830.0, 820.0, 806.0, 804.0, 795.0, 801.0, 805.0, 814.0, 811.0, 794.0, 787.0, 790.0, 776.0, 760.0, 749.0, 738.0, 737.0, 740.0, 739.0, 767.0, 765.0, 849.0, 928.0, 897.0, 867.0, 876.0, 867.0, 867.0, 839.0, 861.0, 850.0, 742.0, 738.0, 1216.0, 1327.0, 1324.0, 1351.0, 1137.0, 1000.0, 763.0, 699.0, 728.0, 772.0, 801.0, 799.0, 799.0, 793.0, 838.0, 831.0, 825.0, 814.0, 815.0, 816.0, 816.0, 804.0, 805.0, 1012.0, 1287.0, 1252.0, 918.0, 913.0, 922.0, 919.0, 928.0, 912.0, 921.0, 1141.0, 1186.0, 1186.0, 1136.0, 1118.0, 1170.0, 1136.0, 908.0, 874.0, 877.0, 840.0, 874.0, 890.0, 892.0, 1427.0, 1425.0, 905.0, 905.0, 819.0, 353.0, 358.0, 0.0, 0.0, 0.0, 0.0, 205.0, 205.0, 0.0, 0.0, 0.0, 0.0, 0.0, 0.0, 0.0, 0.0, 0.0, 0.0, 0.0, 0.0, 862.0, 570.0, 1115.0, 1061.0, 970.0, 918.0, 914.0, 917.0, 913.0, 916.0, 918.0, 912.0, 912.0, 903.0, 917.0, 933.0, 939.0, 923.0, 917.0, 918.0, 918.0, 933.0, 929.0, 925.0, 922.0, 920.0, 884.0, 871.0, 1251.0, 1571.0, 1132.0, 1130.0, 1110.0, 1111.0, 1104.0, 1115.0, 1098.0, 1100.0, 1062.0, 969.0, 986.0, 975.0, 994.0, 1078.0, 1180.0, 1142.0, 1009.0, 1020.0, 1011.0, 1012.0, 1040.0, 1084.0, 1098.0, 1099.0, 1100.0, 1103.0, 1478.0, 1659.0, 1228.0, 611.0, 232.0, 896.0, 922.0, 920.0, 918.0, 918.0, 925.0, 924.0, 909.0, 919.0, 908.0, 905.0, 912.0, 876.0, 662.0, 662.0, 658.0, 666.0, 678.0, 676.0, 691.0, 698.0, 707.0, 720.0, 721.0, 674.0, 615.0]