header: 
  seq: 386
  stamp: 
    secs: 1545151126
    nsecs: 972011712
  frame_id: "base_link"
angle_min: -2.35619449615
angle_max: 2.35619449615
angle_increment: 0.00436332309619
time_increment: 1.73611151695e-05
scan_time: 0.0250000003725
range_min: 0.019999999553
range_max: 30.0
ranges: [0.11900000274181366, 0.12999999523162842, 0.14100000262260437, 0.15399999916553497, 0.15600000321865082, 0.1720000058412552, 0.17399999499320984, 0.1850000023841858, 0.2029999941587448, 0.2160000056028366, 0.257999986410141, 0.2669999897480011, 0.26600000262260437, 0.32600000500679016, 0.39500001072883606, 0.42800000309944153, 0.492000013589859, 0.4819999933242798, 0.546999990940094, 0.5559999942779541, 0.578000009059906, 0.5820000171661377, 0.5699999928474426, 0.5720000267028809, 0.5580000281333923, 0.5669999718666077, 0.5680000185966492, 0.5709999799728394, 0.574999988079071, 0.5770000219345093, 0.5839999914169312, 0.5899999737739563, 0.5929999947547913, 0.593999981880188, 0.5920000076293945, 0.593999981880188, 0.597000002861023, 0.5979999899864197, 0.5979999899864197, 0.5979999899864197, 0.6019999980926514, 0.6129999756813049, 0.6119999885559082, 0.6119999885559082, 0.6119999885559082, 0.609000027179718, 0.6069999933242798, 0.6110000014305115, 0.6190000176429749, 0.6269999742507935, 0.6259999871253967, 0.6320000290870667, 0.640999972820282, 0.6399999856948853, 0.6349999904632568, 0.6320000290870667, 0.621999979019165, 0.5960000157356262, 0.5659999847412109, 0.5270000100135803, 0.45399999618530273, 0.3799999952316284, 0.375, 0.2639999985694885, 0.33500000834465027, 0.35600000619888306, 0.41200000047683716, 0.4449999928474426, 0.5080000162124634, 0.5820000171661377, 0.6389999985694885, 0.6620000004768372, 0.6759999990463257, 0.6859999895095825, 0.6949999928474426, 0.7020000219345093, 0.7070000171661377, 0.7049999833106995, 0.7020000219345093, 0.7039999961853027, 0.7039999961853027, 0.7139999866485596, 0.7129999995231628, 0.7120000123977661, 0.7210000157356262, 0.7300000190734863, 0.7289999723434448, 0.7329999804496765, 0.7390000224113464, 0.7490000128746033, 0.753000020980835, 0.7570000290870667, 0.7599999904632568, 0.7620000243186951, 0.7699999809265137, 0.7699999809265137, 0.7720000147819519, 0.7749999761581421, 0.7860000133514404, 0.7919999957084656, 0.8009999990463257, 0.800000011920929, 0.800000011920929, 0.7990000247955322, 0.8009999990463257, 0.8029999732971191, 0.8100000023841858, 0.8140000104904175, 0.8209999799728394, 0.828000009059906, 0.828000009059906, 0.8309999704360962, 0.8379999995231628, 0.8420000076293945, 0.8519999980926514, 0.8560000061988831, 0.8619999885559082, 0.8690000176429749, 0.8769999742507935, 0.8799999952316284, 0.8809999823570251, 0.8519999980926514, 0.8429999947547913, 0.8370000123977661, 0.828000009059906, 0.8550000190734863, 0.875, 0.9070000052452087, 0.8899999856948853, 0.8939999938011169, 0.8939999938011169, 0.8889999985694885, 0.890999972820282, 0.890999972820282, 0.8930000066757202, 0.906000018119812, 0.9049999713897705, 0.9039999842643738, 0.902999997138977, 0.902999997138977, 0.9139999747276306, 0.9190000295639038, 0.9179999828338623, 0.9110000133514404, 0.9200000166893005, 0.9240000247955322, 0.9269999861717224, 0.925000011920929, 0.9279999732971191, 0.9290000200271606, 0.9309999942779541, 0.9259999990463257, 0.9240000247955322, 0.9319999814033508, 0.9409999847412109, 0.9409999847412109, 0.9559999704360962, 0.9679999947547913, 0.9639999866485596, 0.9539999961853027, 0.9539999961853027, 0.9760000109672546, 0.972000002861023, 0.9589999914169312, 0.9589999914169312, 0.9459999799728394, 0.9570000171661377, 0.9570000171661377, 0.9480000138282776, 0.9380000233650208, 0.9419999718666077, 0.9470000267028809, 0.9509999752044678, 0.9599999785423279, 0.9559999704360962, 0.9559999704360962, 0.9559999704360962, 0.968999981880188, 0.9909999966621399, 1.0, 0.9879999756813049, 0.9779999852180481, 0.9869999885559082, 0.9819999933242798, 0.9819999933242798, 0.9739999771118164, 0.9739999771118164, 0.9639999866485596, 0.9509999752044678, 0.9509999752044678, 65.53299713134766, 65.53299713134766, 65.53299713134766, 0.43299999833106995, 0.43299999833106995, 0.4320000112056732, 0.4320000112056732, 0.45100000500679016, 0.4399999976158142, 0.44200000166893005, 0.44999998807907104, 0.44999998807907104, 0.4569999873638153, 0.4569999873638153, 0.4569999873638153, 0.45500001311302185, 0.4569999873638153, 0.4580000042915344, 0.460999995470047, 0.46299999952316284, 0.4699999988079071, 0.46399998664855957, 0.4729999899864197, 0.4699999988079071, 0.4690000116825104, 0.48500001430511475, 0.4830000102519989, 0.4819999933242798, 0.48500001430511475, 0.47999998927116394, 0.47999998927116394, 0.4860000014305115, 0.4860000014305115, 0.49300000071525574, 0.4970000088214874, 0.48899999260902405, 0.4959999918937683, 0.4970000088214874, 0.4959999918937683, 0.4950000047683716, 0.4959999918937683, 0.4970000088214874, 0.5019999742507935, 0.5139999985694885, 0.5139999985694885, 0.5139999985694885, 0.5170000195503235, 0.5170000195503235, 0.5180000066757202, 0.5149999856948853, 0.5320000052452087, 0.5329999923706055, 0.5260000228881836, 0.5350000262260437, 0.5460000038146973, 0.5519999861717224, 0.5519999861717224, 0.5569999814033508, 0.5509999990463257, 0.5569999814033508, 0.5680000185966492, 0.5730000138282776, 0.5830000042915344, 0.5770000219345093, 0.5699999928474426, 0.574999988079071, 0.5870000123977661, 0.5820000171661377, 0.5960000157356262, 0.6029999852180481, 0.6100000143051147, 0.6100000143051147, 0.6159999966621399, 0.6119999885559082, 0.6119999885559082, 0.6079999804496765, 0.6100000143051147, 0.6179999709129333, 0.6290000081062317, 0.6460000276565552, 0.6499999761581421, 0.6510000228881836, 0.6499999761581421, 0.6620000004768372, 0.6610000133514404, 0.6579999923706055, 0.6690000295639038, 0.6690000295639038, 0.6819999814033508, 0.7049999833106995, 0.6980000138282776, 0.7059999704360962, 0.6890000104904175, 0.7269999980926514, 0.7369999885559082, 0.7409999966621399, 0.7250000238418579, 0.722000002861023, 0.7279999852180481, 0.7559999823570251, 0.7630000114440918, 0.7929999828338623, 0.7860000133514404, 0.8109999895095825, 0.8169999718666077, 0.9909999966621399, 0.875, 1.1440000534057617, 1.1779999732971191, 1.2079999446868896, 1.3179999589920044, 1.3179999589920044, 1.3070000410079956, 1.309000015258789, 1.3220000267028809, 1.309999942779541, 1.309000015258789, 1.3209999799728394, 1.3309999704360962, 1.3179999589920044, 1.3140000104904175, 1.2680000066757202, 1.2330000400543213, 1.156999945640564, 1.1200000047683716, 1.1549999713897705, 1.194000005722046, 1.1890000104904175, 1.187999963760376, 1.1979999542236328, 1.2020000219345093, 1.2020000219345093, 1.2000000476837158, 1.1990000009536743, 1.2059999704360962, 1.2100000381469727, 1.2139999866485596, 1.215000033378601, 1.218999981880188, 1.218000054359436, 1.2200000286102295, 1.2209999561309814, 1.2259999513626099, 1.2230000495910645, 1.225000023841858, 1.225000023841858, 1.222000002861023, 1.2239999771118164, 1.2300000190734863, 1.2289999723434448, 1.2339999675750732, 1.2369999885559082, 1.2410000562667847, 1.2380000352859497, 1.2359999418258667, 1.2430000305175781, 1.246000051498413, 1.2510000467300415, 1.253999948501587, 1.2519999742507935, 1.253999948501587, 1.2569999694824219, 1.2619999647140503, 1.2649999856948853, 1.2649999856948853, 1.2649999856948853, 1.2660000324249268, 1.2799999713897705, 1.2680000066757202, 1.2669999599456787, 1.2719999551773071, 1.281999945640564, 1.2890000343322754, 1.2940000295639038, 1.2940000295639038, 1.2929999828338623, 1.2960000038146973, 1.2960000038146973, 1.2960000038146973, 1.2990000247955322, 1.3140000104904175, 1.3179999589920044, 1.3209999799728394, 1.312999963760376, 1.3140000104904175, 1.3170000314712524, 1.319000005722046, 1.3220000267028809, 1.3279999494552612, 1.3359999656677246, 1.3339999914169312, 1.3359999656677246, 1.3359999656677246, 1.3459999561309814, 1.350000023841858, 1.3550000190734863, 1.3580000400543213, 1.3619999885559082, 1.3669999837875366, 1.3669999837875366, 1.3680000305175781, 1.3760000467300415, 1.38100004196167, 1.3849999904632568, 1.3849999904632568, 1.3890000581741333, 1.399999976158142, 1.4049999713897705, 1.4110000133514404, 1.4190000295639038, 1.4249999523162842, 1.4249999523162842, 1.4290000200271606, 1.434999942779541, 1.4359999895095825, 1.4279999732971191, 1.437000036239624, 1.4529999494552612, 1.4570000171661377, 1.4570000171661377, 1.4559999704360962, 1.4670000076293945, 1.4809999465942383, 1.4839999675750732, 1.4910000562667847, 1.4950000047683716, 1.4980000257492065, 1.5080000162124634, 1.5149999856948853, 1.5160000324249268, 1.5190000534057617, 1.5219999551773071, 1.5290000438690186, 1.5369999408721924, 1.5509999990463257, 1.5509999990463257, 1.5609999895095825, 1.565999984741211, 1.5679999589920044, 1.5670000314712524, 1.5740000009536743, 1.5800000429153442, 1.590999960899353, 1.6039999723434448, 1.6109999418258667, 1.6200000047683716, 1.6239999532699585, 1.6390000581741333, 1.6480000019073486, 1.652999997138977, 1.659000039100647, 1.6690000295639038, 1.6679999828338623, 1.6779999732971191, 1.687999963760376, 1.6959999799728394, 1.7009999752044678, 1.7009999752044678, 1.7100000381469727, 1.7239999771118164, 1.7300000190734863, 1.7359999418258667, 1.7430000305175781, 1.7549999952316284, 1.7699999809265137, 1.781000018119812, 1.7949999570846558, 1.8070000410079956, 1.8029999732971191, 1.7990000247955322, 1.777999997138977, 1.7949999570846558, 1.7829999923706055, 1.7829999923706055, 1.7790000438690186, 1.7640000581741333, 1.7569999694824219, 1.7519999742507935, 1.74399995803833, 1.746999979019165, 1.7380000352859497, 1.7309999465942383, 1.7200000286102295, 1.7200000286102295, 1.718000054359436, 1.7079999446868896, 1.7020000219345093, 1.6890000104904175, 1.6759999990463257, 1.6619999408721924, 1.1640000343322754, 0.9139999747276306, 0.8740000128746033, 0.8550000190734863, 0.8420000076293945, 0.8169999718666077, 0.7960000038146973, 0.7950000166893005, 0.7919999957084656, 0.7879999876022339, 0.7910000085830688, 0.7879999876022339, 0.7910000085830688, 0.7940000295639038, 0.7940000295639038, 0.781000018119812, 0.7720000147819519, 0.7599999904632568, 0.7549999952316284, 0.753000020980835, 0.753000020980835, 0.7409999966621399, 0.7170000076293945, 0.6980000138282776, 0.7049999833106995, 0.7049999833106995, 0.7129999995231628, 0.7110000252723694, 0.7179999947547913, 0.7200000286102295, 0.7179999947547913, 0.7110000252723694, 0.7089999914169312, 0.7070000171661377, 0.7080000042915344, 0.7049999833106995, 0.703000009059906, 0.6980000138282776, 0.6949999928474426, 0.6899999976158142, 0.6850000023841858, 0.6949999928474426, 0.6970000267028809, 0.6899999976158142, 0.6859999895095825, 0.6819999814033508, 0.6800000071525574, 0.675000011920929, 0.6610000133514404, 0.6470000147819519, 0.6480000019073486, 0.6439999938011169, 0.6439999938011169, 0.640999972820282, 0.6539999842643738, 0.6539999842643738, 0.652999997138977, 0.6660000085830688, 0.6660000085830688, 0.6669999957084656, 0.6629999876022339, 0.656000018119812, 0.6549999713897705, 0.6460000276565552, 0.6290000081062317, 0.6240000128746033, 0.6209999918937683, 0.6299999952316284, 0.6380000114440918, 0.6359999775886536, 0.6370000243186951, 0.6309999823570251, 0.625, 0.6240000128746033, 0.6200000047683716, 0.597000002861023, 0.5849999785423279, 0.5559999942779541, 0.5519999861717224, 0.5450000166893005, 0.5389999747276306, 0.5419999957084656, 0.5350000262260437, 0.5440000295639038, 0.5440000295639038, 0.5479999780654907, 0.5609999895095825, 0.5630000233650208, 0.5630000233650208, 0.5590000152587891, 0.5550000071525574, 0.5529999732971191, 0.5509999990463257, 0.5519999861717224, 0.5519999861717224, 0.5450000166893005, 0.5450000166893005, 0.5550000071525574, 0.5569999814033508, 0.5600000023841858, 0.5590000152587891, 0.5529999732971191, 0.5519999861717224, 0.5479999780654907, 0.546999990940094, 0.5429999828338623, 0.5389999747276306, 0.5419999957084656, 0.5429999828338623, 0.5410000085830688, 0.5400000214576721, 0.5379999876022339, 0.5370000004768372, 0.5370000004768372, 0.5360000133514404, 0.5339999794960022, 0.531000018119812, 0.5299999713897705, 0.5329999923706055, 0.5320000052452087, 0.5370000004768372, 0.5379999876022339, 0.5379999876022339, 0.5360000133514404, 0.5389999747276306, 0.5389999747276306, 0.5440000295639038, 0.5379999876022339, 0.5360000133514404, 0.5360000133514404, 0.5360000133514404, 0.5389999747276306, 0.5389999747276306, 0.5410000085830688, 0.5429999828338623, 0.5479999780654907, 0.5479999780654907, 0.5460000038146973, 0.5550000071525574, 0.5529999732971191, 0.5559999942779541, 0.5600000023841858, 0.5619999766349792, 0.5590000152587891, 0.5540000200271606, 0.5519999861717224, 0.5569999814033508, 0.5640000104904175, 0.5600000023841858, 0.5649999976158142, 0.5630000233650208, 0.5630000233650208, 0.5630000233650208, 0.5659999847412109, 0.5720000267028809, 0.5870000123977661, 0.6589999794960022, 0.7210000157356262, 0.6389999985694885, 3.2360000610351562, 3.23799991607666, 3.23799991607666, 3.23799991607666, 3.242000102996826, 3.240999937057495, 3.239000082015991, 3.239000082015991, 3.24399995803833, 3.243000030517578, 3.249000072479248, 3.253000020980835, 3.253000020980835, 3.253000020980835, 3.265000104904175, 3.263000011444092, 3.260999917984009, 3.260999917984009, 3.2780001163482666, 3.2799999713897705, 3.2839999198913574, 3.2869999408721924, 3.2799999713897705, 3.2639999389648438, 3.191999912261963, 3.1080000400543213, 3.0820000171661377, 3.0899999141693115, 3.1480000019073486, 3.3380000591278076, 3.3299999237060547, 11.053000450134277, 11.053000450134277, 11.064000129699707, 11.083999633789062, 11.086999893188477, 11.105999946594238, 11.128999710083008, 11.135000228881836, 11.149999618530273, 11.152999877929688, 11.187999725341797, 11.189000129699707, 11.208000183105469, 11.234999656677246, 11.246000289916992, 11.251999855041504, 11.258999824523926, 11.284000396728516, 11.307999610900879, 11.319999694824219, 11.335000038146973, 11.343999862670898, 11.361000061035156, 11.380999565124512, 11.420999526977539, 11.428999900817871, 11.437999725341797, 11.460000038146973, 11.475000381469727, 11.42199993133545, 11.317999839782715, 11.265999794006348, 11.26200008392334, 11.265000343322754, 11.291000366210938, 11.277000427246094, 65.53299713134766, 65.53299713134766, 65.53299713134766, 65.53299713134766, 65.53299713134766, 65.53299713134766, 65.53299713134766, 65.53299713134766, 65.53299713134766, 65.53299713134766, 65.53299713134766, 65.53299713134766, 65.53299713134766, 65.53299713134766, 65.53299713134766, 65.53299713134766, 65.53299713134766, 65.53299713134766, 65.53299713134766, 65.53299713134766, 65.53299713134766, 65.53299713134766, 65.53299713134766, 3.931999921798706, 3.931999921798706, 3.924999952316284, 3.9079999923706055, 3.9159998893737793, 3.9110000133514404, 3.924999952316284, 3.937000036239624, 3.9519999027252197, 3.9619998931884766, 3.9619998931884766, 3.9749999046325684, 3.986999988555908, 3.99399995803833, 4.006999969482422, 4.026000022888184, 4.026000022888184, 4.0370001792907715, 4.059000015258789, 4.078999996185303, 4.085000038146973, 4.0929999351501465, 4.107999801635742, 4.119999885559082, 4.131999969482422, 4.151000022888184, 4.165999889373779, 4.171999931335449, 4.179999828338623, 4.197999954223633, 4.208000183105469, 4.230000019073486, 4.234000205993652, 4.205999851226807, 4.205999851226807, 65.53299713134766, 65.53299713134766, 65.53299713134766, 65.53299713134766, 65.53299713134766, 65.53299713134766, 65.53299713134766, 65.53299713134766, 65.53299713134766, 65.53299713134766, 65.53299713134766, 65.53299713134766, 65.53299713134766, 65.53299713134766, 65.53299713134766, 65.53299713134766, 65.53299713134766, 65.53299713134766, 65.53299713134766, 65.53299713134766, 65.53299713134766, 65.53299713134766, 65.53299713134766, 4.702000141143799, 4.702000141143799, 4.702000141143799, 4.730000019073486, 4.73799991607666, 4.77400016784668, 4.784999847412109, 4.808000087738037, 4.822999954223633, 4.855000019073486, 4.868000030517578, 4.900000095367432, 4.921000003814697, 4.938000202178955, 4.953999996185303, 4.980999946594238, 5.004000186920166, 5.039000034332275, 5.060999870300293, 5.064000129699707, 5.052999973297119, 5.021999835968018, 5.013000011444092, 3.3970000743865967, 3.3940000534057617, 3.4170000553131104, 3.441999912261963, 3.4579999446868896, 3.4769999980926514, 3.496000051498413, 3.509000062942505, 3.5360000133514404, 3.5510001182556152, 3.5820000171661377, 3.5859999656677246, 3.615000009536743, 3.6419999599456787, 3.6600000858306885, 3.6710000038146973, 3.690999984741211, 3.7219998836517334, 4.650000095367432, 4.644999980926514, 4.636000156402588, 4.614999771118164, 4.611999988555908, 4.485000133514404, 4.423999786376953, 4.486999988555908, 4.550000190734863, 4.558000087738037, 4.540999889373779, 4.520999908447266, 4.511000156402588, 4.504000186920166, 4.486999988555908, 2.950000047683716, 2.993000030517578, 2.993000030517578, 2.9830000400543213, 2.98799991607666, 2.990999937057495, 3.009999990463257, 3.0250000953674316, 3.0209999084472656, 3.0380001068115234, 3.0290000438690186, 3.066999912261963, 3.1459999084472656, 3.2239999771118164, 3.239000082015991, 3.259999990463257, 3.2760000228881836, 3.311000108718872, 3.325000047683716, 3.3489999771118164, 3.374000072479248, 3.3970000743865967, 3.4159998893737793, 3.453000068664551, 3.4749999046325684, 3.51200008392334, 3.5420000553131104, 3.558000087738037, 3.6040000915527344, 3.627000093460083, 3.6610000133514404, 3.686000108718872, 3.7190001010894775, 3.744999885559082, 3.7660000324249268, 3.7939999103546143, 3.8239998817443848, 3.8559999465942383, 3.874000072479248, 3.484999895095825, 3.069000005722046, 3.0880000591278076, 3.0739998817443848, 3.11899995803833, 3.1070001125335693, 3.0920000076293945, 3.0880000591278076, 3.062000036239624, 3.0460000038146973, 3.0329999923706055, 3.0299999713897705, 3.0869998931884766, 3.065999984741211, 3.071000099182129, 3.059999942779541, 3.062000036239624, 3.059000015258789, 3.061000108718872, 3.059000015258789, 3.053999900817871, 3.0450000762939453, 3.0399999618530273, 3.0369999408721924, 3.0309998989105225, 3.0320000648498535, 3.0239999294281006, 3.003999948501587, 2.947000026702881, 2.934999942779541, 2.9660000801086426, 3.250999927520752, 3.871000051498413, 3.88100004196167, 3.88100004196167, 3.878000020980835, 3.875, 3.875999927520752, 3.859999895095825, 3.8510000705718994, 3.8469998836517334, 3.8429999351501465, 3.8429999351501465, 3.8340001106262207, 3.8320000171661377, 3.8239998817443848, 3.819999933242798, 3.816999912261963, 3.819000005722046, 3.819000005722046, 3.811000108718872, 3.802999973297119, 3.7980000972747803, 3.7980000972747803, 3.7980000972747803, 3.7880001068115234, 3.7850000858306885, 3.7720000743865967, 3.759999990463257, 3.743000030517578, 3.7239999771118164, 3.7100000381469727, 3.7219998836517334, 3.759999990463257, 3.7730000019073486, 3.7660000324249268, 3.7699999809265137, 3.7720000743865967, 3.759999990463257, 3.756999969482422, 3.756999969482422, 3.759999990463257, 3.75, 3.746999979019165, 3.74399995803833, 3.756999969482422, 3.753999948501587, 3.755000114440918, 3.75, 3.75, 3.75, 3.7360000610351562, 3.6589999198913574, 3.2760000228881836, 3.2309999465942383, 3.196000099182129, 3.1589999198913574, 3.385999917984009, 3.385999917984009, 3.7100000381469727, 3.7179999351501465, 3.7219998836517334, 3.734999895095825, 3.7160000801086426, 3.7149999141693115, 3.2739999294281006, 3.26200008392334, 3.308000087738037, 3.3989999294281006, 3.3980000019073486, 3.4019999504089355, 3.384999990463257, 3.3589999675750732, 2.3420000076293945, 2.2669999599456787, 2.23799991607666, 2.2219998836517334, 2.2219998836517334, 2.2279999256134033, 2.242000102996826, 2.377000093460083, 2.674999952316284, 3.734999895095825, 3.7179999351501465, 2.1640000343322754, 1.9600000381469727, 1.9390000104904175, 1.9019999504089355, 1.88100004196167, 1.8730000257492065, 1.871000051498413, 1.8680000305175781, 1.0420000553131104, 0.8989999890327454, 0.8769999742507935, 0.8510000109672546, 0.8550000190734863, 0.8740000128746033, 0.8820000290870667, 0.8849999904632568, 0.8709999918937683, 0.8709999918937683, 0.878000020980835, 0.8740000128746033, 0.8759999871253967, 0.8759999871253967, 0.8769999742507935, 0.8880000114440918, 0.8949999809265137, 0.8920000195503235, 0.8889999985694885, 0.8889999985694885, 0.8920000195503235, 0.890999972820282, 0.890999972820282, 0.8920000195503235, 0.8920000195503235, 0.8920000195503235, 0.8960000276565552, 0.8960000276565552, 0.8949999809265137, 0.8960000276565552, 0.9070000052452087, 0.9020000100135803, 0.8999999761581421, 0.8989999890327454, 0.9100000262260437, 0.9139999747276306, 0.9139999747276306, 0.9120000004768372, 0.9150000214576721, 0.9179999828338623, 0.9150000214576721, 0.9139999747276306, 0.9129999876022339, 0.9120000004768372, 0.9139999747276306, 0.9169999957084656, 0.9129999876022339, 0.906000018119812, 0.9100000262260437, 0.8980000019073486, 0.8939999938011169, 0.875, 0.8870000243186951, 0.8870000243186951, 0.8619999885559082, 0.8849999904632568, 0.8949999809265137, 0.8949999809265137, 0.8999999761581421, 0.9169999957084656, 0.9350000023841858, 0.9639999866485596, 0.9729999899864197, 0.9829999804496765, 0.9900000095367432, 0.9900000095367432, 0.9900000095367432, 0.9909999966621399, 0.9940000176429749, 1.0069999694824219, 1.0110000371932983, 1.0110000371932983, 1.0149999856948853, 1.0290000438690186, 1.031999945640564, 1.031999945640564, 1.0260000228881836]
intensities: [503.0, 520.0, 537.0, 533.0, 514.0, 522.0, 521.0, 520.0, 529.0, 519.0, 511.0, 515.0, 514.0, 573.0, 671.0, 690.0, 811.0, 791.0, 921.0, 948.0, 1007.0, 1064.0, 1065.0, 1126.0, 1091.0, 1159.0, 1165.0, 1156.0, 1197.0, 1215.0, 1241.0, 1280.0, 1274.0, 1281.0, 1283.0, 1314.0, 1351.0, 1359.0, 1359.0, 1378.0, 1379.0, 1394.0, 1387.0, 1390.0, 1385.0, 1386.0, 1389.0, 1370.0, 1380.0, 1405.0, 1407.0, 1400.0, 1394.0, 1367.0, 1355.0, 1359.0, 1268.0, 1169.0, 1152.0, 1145.0, 1092.0, 957.0, 985.0, 760.0, 919.0, 970.0, 1024.0, 1018.0, 1075.0, 1105.0, 1104.0, 1111.0, 1115.0, 1116.0, 1102.0, 1112.0, 1119.0, 1104.0, 1100.0, 1109.0, 1109.0, 1109.0, 1119.0, 1118.0, 1173.0, 1234.0, 1231.0, 1261.0, 1266.0, 1307.0, 1315.0, 1308.0, 1307.0, 1316.0, 1317.0, 1293.0, 1285.0, 1295.0, 1307.0, 1297.0, 1317.0, 1298.0, 1292.0, 1279.0, 1257.0, 1264.0, 1263.0, 1253.0, 1234.0, 1243.0, 1238.0, 1228.0, 1240.0, 1240.0, 1277.0, 1266.0, 1303.0, 1319.0, 1265.0, 1203.0, 887.0, 449.0, 407.0, 391.0, 376.0, 416.0, 489.0, 756.0, 800.0, 811.0, 811.0, 796.0, 800.0, 800.0, 797.0, 810.0, 802.0, 794.0, 780.0, 781.0, 794.0, 794.0, 786.0, 766.0, 774.0, 780.0, 778.0, 778.0, 774.0, 770.0, 773.0, 763.0, 754.0, 760.0, 769.0, 769.0, 788.0, 805.0, 800.0, 785.0, 783.0, 805.0, 784.0, 752.0, 752.0, 735.0, 764.0, 764.0, 731.0, 699.0, 695.0, 696.0, 690.0, 688.0, 687.0, 686.0, 686.0, 712.0, 749.0, 759.0, 725.0, 701.0, 701.0, 684.0, 647.0, 615.0, 572.0, 545.0, 513.0, 513.0, 0.0, 0.0, 0.0, 611.0, 611.0, 605.0, 600.0, 694.0, 742.0, 760.0, 784.0, 784.0, 789.0, 779.0, 775.0, 772.0, 774.0, 775.0, 761.0, 752.0, 765.0, 756.0, 769.0, 744.0, 732.0, 754.0, 732.0, 724.0, 726.0, 718.0, 717.0, 706.0, 707.0, 708.0, 712.0, 689.0, 690.0, 691.0, 682.0, 674.0, 669.0, 660.0, 660.0, 644.0, 636.0, 623.0, 623.0, 615.0, 607.0, 594.0, 604.0, 594.0, 592.0, 590.0, 586.0, 585.0, 575.0, 577.0, 564.0, 564.0, 553.0, 551.0, 549.0, 541.0, 539.0, 539.0, 547.0, 515.0, 514.0, 519.0, 508.0, 508.0, 505.0, 494.0, 485.0, 480.0, 478.0, 479.0, 476.0, 475.0, 467.0, 463.0, 456.0, 448.0, 428.0, 417.0, 424.0, 423.0, 421.0, 412.0, 399.0, 393.0, 369.0, 397.0, 369.0, 365.0, 328.0, 315.0, 317.0, 322.0, 303.0, 303.0, 279.0, 289.0, 261.0, 408.0, 288.0, 549.0, 529.0, 510.0, 469.0, 469.0, 486.0, 482.0, 487.0, 481.0, 485.0, 509.0, 534.0, 518.0, 524.0, 529.0, 570.0, 618.0, 651.0, 795.0, 1035.0, 1109.0, 1120.0, 1129.0, 1133.0, 1133.0, 1121.0, 1128.0, 1134.0, 1137.0, 1130.0, 1141.0, 1140.0, 1143.0, 1137.0, 1131.0, 1142.0, 1131.0, 1126.0, 1126.0, 1122.0, 1136.0, 1152.0, 1132.0, 1139.0, 1139.0, 1140.0, 1126.0, 1119.0, 1136.0, 1144.0, 1128.0, 1136.0, 1122.0, 1117.0, 1121.0, 1118.0, 1119.0, 1129.0, 1131.0, 1118.0, 1126.0, 1115.0, 1122.0, 1132.0, 1126.0, 1122.0, 1123.0, 1121.0, 1120.0, 1116.0, 1116.0, 1119.0, 1120.0, 1100.0, 1096.0, 1109.0, 1094.0, 1113.0, 1113.0, 1097.0, 1108.0, 1106.0, 1113.0, 1104.0, 1110.0, 1102.0, 1093.0, 1093.0, 1109.0, 1123.0, 1097.0, 1093.0, 1093.0, 1092.0, 1099.0, 1093.0, 1080.0, 1080.0, 1085.0, 1078.0, 1094.0, 1090.0, 1092.0, 1086.0, 1089.0, 1084.0, 1085.0, 1090.0, 1083.0, 1092.0, 1097.0, 1111.0, 1103.0, 1096.0, 1094.0, 1112.0, 1109.0, 1089.0, 1099.0, 1095.0, 1089.0, 1094.0, 1086.0, 1094.0, 1089.0, 1103.0, 1103.0, 1105.0, 1105.0, 1095.0, 1113.0, 1103.0, 1093.0, 1100.0, 1102.0, 1095.0, 1098.0, 1091.0, 1092.0, 1082.0, 1087.0, 1087.0, 1075.0, 1070.0, 1098.0, 1088.0, 1080.0, 1089.0, 1077.0, 1078.0, 1073.0, 1065.0, 1072.0, 1067.0, 1087.0, 1102.0, 1088.0, 1081.0, 1090.0, 1096.0, 1026.0, 930.0, 896.0, 885.0, 1020.0, 1047.0, 1092.0, 1092.0, 1106.0, 1118.0, 1099.0, 1100.0, 1105.0, 1110.0, 1110.0, 1102.0, 1125.0, 1128.0, 1114.0, 1106.0, 1103.0, 1121.0, 1121.0, 1341.0, 1404.0, 1396.0, 1292.0, 1246.0, 1122.0, 1150.0, 1308.0, 1335.0, 1365.0, 1553.0, 1522.0, 1637.0, 1699.0, 1703.0, 1648.0, 1616.0, 1499.0, 1500.0, 1564.0, 1564.0, 1499.0, 1509.0, 1514.0, 1715.0, 1695.0, 1780.0, 1739.0, 1862.0, 1904.0, 1807.0, 1657.0, 1621.0, 1674.0, 1688.0, 1686.0, 1666.0, 1519.0, 1395.0, 1398.0, 1340.0, 1366.0, 1412.0, 1433.0, 1476.0, 1445.0, 1398.0, 1337.0, 1273.0, 1267.0, 1249.0, 1175.0, 1175.0, 1129.0, 1214.0, 1214.0, 1247.0, 1408.0, 1408.0, 1463.0, 1495.0, 1487.0, 1467.0, 1482.0, 1460.0, 1508.0, 1524.0, 1462.0, 1413.0, 1422.0, 1416.0, 1407.0, 1377.0, 1377.0, 1386.0, 1397.0, 1442.0, 1673.0, 1943.0, 1929.0, 1998.0, 1998.0, 1973.0, 1904.0, 1912.0, 1839.0, 1694.0, 1526.0, 1504.0, 1476.0, 1514.0, 1639.0, 1605.0, 1722.0, 1808.0, 1937.0, 1937.0, 1986.0, 1981.0, 1881.0, 1815.0, 1839.0, 1844.0, 1755.0, 1722.0, 1693.0, 1727.0, 1796.0, 1813.0, 1813.0, 1808.0, 1800.0, 1797.0, 1796.0, 1783.0, 1781.0, 1772.0, 1786.0, 1825.0, 1809.0, 1826.0, 1675.0, 1611.0, 1582.0, 1568.0, 1584.0, 1615.0, 1613.0, 1624.0, 1624.0, 1624.0, 1514.0, 1497.0, 1439.0, 1442.0, 1444.0, 1444.0, 1431.0, 1452.0, 1401.0, 1387.0, 1360.0, 1328.0, 1302.0, 1248.0, 1227.0, 1161.0, 1164.0, 1120.0, 1143.0, 1098.0, 1098.0, 1095.0, 1105.0, 1106.0, 1053.0, 1503.0, 1378.0, 486.0, 968.0, 969.0, 972.0, 977.0, 983.0, 977.0, 971.0, 970.0, 975.0, 961.0, 965.0, 973.0, 972.0, 972.0, 981.0, 972.0, 974.0, 974.0, 986.0, 987.0, 986.0, 987.0, 985.0, 949.0, 892.0, 858.0, 889.0, 867.0, 740.0, 652.0, 573.0, 481.0, 481.0, 508.0, 531.0, 530.0, 537.0, 535.0, 534.0, 533.0, 524.0, 531.0, 531.0, 532.0, 535.0, 524.0, 529.0, 524.0, 540.0, 530.0, 526.0, 521.0, 518.0, 512.0, 518.0, 527.0, 526.0, 521.0, 524.0, 534.0, 533.0, 560.0, 597.0, 631.0, 582.0, 506.0, 434.0, 0.0, 0.0, 0.0, 0.0, 0.0, 0.0, 0.0, 0.0, 0.0, 0.0, 0.0, 0.0, 0.0, 0.0, 0.0, 0.0, 0.0, 0.0, 0.0, 0.0, 0.0, 0.0, 0.0, 728.0, 728.0, 815.0, 868.0, 891.0, 878.0, 872.0, 876.0, 881.0, 882.0, 869.0, 875.0, 876.0, 871.0, 875.0, 875.0, 858.0, 868.0, 871.0, 874.0, 863.0, 866.0, 867.0, 865.0, 861.0, 857.0, 867.0, 856.0, 860.0, 869.0, 871.0, 853.0, 830.0, 740.0, 740.0, 0.0, 0.0, 0.0, 0.0, 0.0, 0.0, 0.0, 0.0, 0.0, 0.0, 0.0, 0.0, 0.0, 0.0, 0.0, 0.0, 0.0, 0.0, 0.0, 0.0, 0.0, 0.0, 0.0, 783.0, 783.0, 783.0, 819.0, 805.0, 808.0, 810.0, 819.0, 815.0, 811.0, 809.0, 811.0, 810.0, 803.0, 799.0, 796.0, 786.0, 804.0, 803.0, 811.0, 834.0, 824.0, 782.0, 619.0, 601.0, 543.0, 525.0, 522.0, 520.0, 523.0, 512.0, 509.0, 507.0, 513.0, 513.0, 524.0, 523.0, 518.0, 513.0, 530.0, 483.0, 700.0, 596.0, 581.0, 579.0, 575.0, 467.0, 603.0, 689.0, 775.0, 827.0, 833.0, 846.0, 836.0, 835.0, 843.0, 109.0, 658.0, 676.0, 679.0, 686.0, 684.0, 687.0, 658.0, 631.0, 649.0, 619.0, 600.0, 747.0, 895.0, 913.0, 891.0, 877.0, 904.0, 871.0, 871.0, 861.0, 853.0, 851.0, 855.0, 853.0, 845.0, 834.0, 839.0, 839.0, 839.0, 823.0, 821.0, 817.0, 789.0, 787.0, 774.0, 758.0, 753.0, 759.0, 909.0, 610.0, 661.0, 723.0, 898.0, 885.0, 860.0, 877.0, 845.0, 832.0, 831.0, 829.0, 967.0, 928.0, 977.0, 966.0, 986.0, 996.0, 1004.0, 994.0, 1004.0, 990.0, 980.0, 1015.0, 1014.0, 1029.0, 1015.0, 986.0, 878.0, 867.0, 851.0, 1052.0, 996.0, 913.0, 913.0, 905.0, 899.0, 924.0, 925.0, 926.0, 934.0, 938.0, 938.0, 926.0, 936.0, 930.0, 939.0, 938.0, 938.0, 936.0, 934.0, 933.0, 934.0, 932.0, 934.0, 934.0, 930.0, 901.0, 890.0, 883.0, 875.0, 875.0, 884.0, 899.0, 918.0, 909.0, 918.0, 915.0, 914.0, 915.0, 915.0, 918.0, 920.0, 903.0, 884.0, 903.0, 924.0, 926.0, 930.0, 925.0, 925.0, 924.0, 885.0, 478.0, 481.0, 479.0, 480.0, 1049.0, 1049.0, 914.0, 916.0, 912.0, 920.0, 913.0, 926.0, 1119.0, 1135.0, 1090.0, 992.0, 968.0, 963.0, 943.0, 946.0, 1158.0, 1020.0, 1003.0, 1056.0, 1064.0, 987.0, 960.0, 1271.0, 1374.0, 920.0, 893.0, 1357.0, 1064.0, 1101.0, 1112.0, 1130.0, 1119.0, 1108.0, 1117.0, 1300.0, 965.0, 975.0, 1027.0, 993.0, 955.0, 919.0, 911.0, 1004.0, 1168.0, 1315.0, 1314.0, 1313.0, 1318.0, 1320.0, 1313.0, 1311.0, 1311.0, 1311.0, 1311.0, 1306.0, 1302.0, 1302.0, 1308.0, 1311.0, 1311.0, 1309.0, 1312.0, 1308.0, 1302.0, 1305.0, 1303.0, 1304.0, 1303.0, 1300.0, 1299.0, 1299.0, 1288.0, 1293.0, 1295.0, 1294.0, 1299.0, 1296.0, 1294.0, 1295.0, 1289.0, 1289.0, 1298.0, 1297.0, 1303.0, 1292.0, 1311.0, 1315.0, 1315.0, 1319.0, 1308.0, 1303.0, 1303.0, 1305.0, 1291.0, 1278.0, 1272.0, 1270.0, 1269.0, 1259.0, 1253.0, 1253.0, 1259.0, 1243.0, 1246.0, 1245.0, 1236.0, 1239.0, 1243.0, 1245.0, 1245.0, 1211.0]