header: 
  seq: 239
  stamp: 
    secs: 1545084463
    nsecs: 959024958
  frame_id: "base_link"
angle_min: -2.35619449615
angle_max: 2.35619449615
angle_increment: 0.00436332309619
time_increment: 1.73611151695e-05
scan_time: 0.0250000003725
range_min: 0.019999999553
range_max: 30.0
ranges: [0.164000004529953, 0.1589999943971634, 0.19499999284744263, 0.24199999868869781, 0.30799999833106995, 0.367000013589859, 0.335999995470047, 0.2240000069141388, 0.19200000166893005, 0.20600000023841858, 0.20999999344348907, 0.21400000154972076, 0.2150000035762787, 0.22300000488758087, 0.22699999809265137, 0.2029999941587448, 0.20800000429153442, 0.21199999749660492, 0.2160000056028366, 0.2160000056028366, 0.21299999952316284, 0.2070000022649765, 0.21899999678134918, 0.2280000001192093, 0.20999999344348907, 0.20200000703334808, 0.2199999988079071, 0.20999999344348907, 0.2280000001192093, 0.2280000001192093, 0.23800000548362732, 0.26600000262260437, 0.26899999380111694, 0.2759999930858612, 0.30799999833106995, 0.35600000619888306, 0.36500000953674316, 0.38100001215934753, 0.37599998712539673, 0.36899998784065247, 0.3400000035762787, 0.3100000023841858, 0.26600000262260437, 0.19300000369548798, 0.14399999380111694, 0.11500000208616257, 0.10899999737739563, 0.08100000023841858, 0.15000000596046448, 0.18799999356269836, 0.2370000034570694, 0.29899999499320984, 0.32100000977516174, 0.32899999618530273, 0.3230000138282776, 0.32899999618530273, 0.3230000138282776, 0.3160000145435333, 0.2980000078678131, 0.27799999713897705, 0.27799999713897705, 0.25699999928474426, 0.26499998569488525, 0.2639999985694885, 0.27000001072883606, 0.26100000739097595, 0.26600000262260437, 0.2849999964237213, 0.2849999964237213, 0.3109999895095825, 0.3240000009536743, 0.3630000054836273, 0.42100000381469727, 0.5149999856948853, 0.6140000224113464, 0.6819999814033508, 0.6970000267028809, 0.7089999914169312, 0.7239999771118164, 0.7279999852180481, 0.7310000061988831, 0.7319999933242798, 0.7329999804496765, 0.7329999804496765, 0.7289999723434448, 0.7310000061988831, 0.7369999885559082, 0.7369999885559082, 0.7459999918937683, 0.7599999904632568, 0.7599999904632568, 0.765999972820282, 0.7739999890327454, 0.7730000019073486, 0.7620000243186951, 0.7649999856948853, 0.7699999809265137, 0.777999997138977, 0.7870000004768372, 0.7950000166893005, 0.7850000262260437, 0.7910000085830688, 0.7910000085830688, 0.8009999990463257, 0.8019999861717224, 0.8050000071525574, 0.8080000281333923, 0.8199999928474426, 0.8190000057220459, 0.8190000057220459, 0.8199999928474426, 0.824999988079071, 0.8289999961853027, 0.8299999833106995, 0.8370000123977661, 0.8379999995231628, 0.8429999947547913, 0.8560000061988831, 0.8640000224113464, 0.8690000176429749, 0.8690000176429749, 0.8730000257492065, 0.875, 0.8899999856948853, 0.8889999985694885, 0.8479999899864197, 0.8669999837875366, 0.8560000061988831, 0.8709999918937683, 0.8410000205039978, 0.8820000290870667, 0.878000020980835, 0.8880000114440918, 0.8859999775886536, 0.9020000100135803, 0.8949999809265137, 0.8859999775886536, 0.8830000162124634, 0.8889999985694885, 0.890999972820282, 0.9079999923706055, 0.9150000214576721, 0.9150000214576721, 0.9049999713897705, 0.9049999713897705, 0.9089999794960022, 0.9100000262260437, 0.9169999957084656, 0.9179999828338623, 0.9179999828338623, 0.9129999876022339, 0.9139999747276306, 0.9190000295639038, 0.9200000166893005, 0.921999990940094, 0.9160000085830688, 0.9179999828338623, 0.9240000247955322, 0.9259999990463257, 0.9169999957084656, 0.921999990940094, 0.9269999861717224, 0.9259999990463257, 0.9300000071525574, 0.9359999895095825, 0.9290000200271606, 0.9229999780654907, 0.9229999780654907, 0.9259999990463257, 0.9259999990463257, 0.9179999828338623, 0.9369999766349792, 0.9350000023841858, 0.9350000023841858, 0.9259999990463257, 0.9110000133514404, 0.9110000133514404, 65.53299713134766, 65.53299713134766, 0.4090000092983246, 0.41499999165534973, 0.421999990940094, 0.4189999997615814, 0.4350000023841858, 0.4449999928474426, 0.4350000023841858, 0.4309999942779541, 0.4410000145435333, 0.4390000104904175, 0.4440000057220459, 0.44200000166893005, 0.4440000057220459, 0.4449999928474426, 0.4449999928474426, 0.4399999976158142, 0.4440000057220459, 0.45100000500679016, 0.4580000042915344, 0.4580000042915344, 0.45500001311302185, 0.45399999618530273, 0.4440000057220459, 0.4580000042915344, 0.460999995470047, 0.45500001311302185, 0.453000009059906, 0.453000009059906, 0.45500001311302185, 0.46299999952316284, 0.46700000762939453, 0.460999995470047, 0.46399998664855957, 0.46399998664855957, 0.46799999475479126, 0.47200000286102295, 0.4779999852180481, 0.4790000021457672, 0.4830000102519989, 0.4830000102519989, 0.4860000014305115, 0.47699999809265137, 0.47699999809265137, 0.48100000619888306, 0.48899999260902405, 0.4869999885559082, 0.4869999885559082, 0.4740000069141388, 0.4790000021457672, 0.47999998927116394, 0.48500001430511475, 0.48399999737739563, 0.49300000071525574, 0.5080000162124634, 0.49799999594688416, 0.4950000047683716, 0.49399998784065247, 0.49900001287460327, 0.49900001287460327, 0.49900001287460327, 0.5040000081062317, 0.5070000290870667, 0.5090000033378601, 0.5109999775886536, 0.5019999742507935, 0.5239999890327454, 0.5199999809265137, 0.5130000114440918, 0.5109999775886536, 0.5099999904632568, 0.527999997138977, 0.5360000133514404, 0.5400000214576721, 0.5400000214576721, 0.5419999957084656, 0.550000011920929, 0.5389999747276306, 0.5440000295639038, 0.5509999990463257, 0.5640000104904175, 0.5630000233650208, 0.5709999799728394, 0.5740000009536743, 0.5740000009536743, 0.5730000138282776, 0.5830000042915344, 0.5960000157356262, 0.593999981880188, 0.593999981880188, 0.6000000238418579, 0.6240000128746033, 0.6290000081062317, 0.6309999823570251, 0.6330000162124634, 0.6430000066757202, 0.6430000066757202, 0.6420000195503235, 0.6449999809265137, 0.6510000228881836, 0.6539999842643738, 0.6600000262260437, 0.6330000162124634, 0.6439999938011169, 0.652999997138977, 0.6470000147819519, 0.6549999713897705, 0.6060000061988831, 0.6740000247955322, 0.6759999990463257, 0.6639999747276306, 0.6710000038146973, 0.6729999780654907, 0.6919999718666077, 0.6890000104904175, 0.7009999752044678, 0.6930000185966492, 0.7110000252723694, 0.7440000176429749, 0.7200000286102295, 0.7300000190734863, 0.7070000171661377, 0.718999981880188, 0.7369999885559082, 0.7590000033378601, 0.7480000257492065, 0.7609999775886536, 0.7670000195503235, 0.7620000243186951, 0.8230000138282776, 0.7639999985694885, 0.7889999747276306, 0.8029999732971191, 0.8140000104904175, 0.7730000019073486, 0.7549999952316284, 0.7360000014305115, 65.53299713134766, 65.53299713134766, 0.8370000123977661, 0.8370000123977661, 0.8370000123977661, 1.0210000276565552, 1.0429999828338623, 1.1239999532699585, 1.0709999799728394, 1.0720000267028809, 1.0789999961853027, 1.1410000324249268, 1.1410000324249268, 1.1390000581741333, 1.1410000324249268, 1.1410000324249268, 1.149999976158142, 1.156999945640564, 1.1490000486373901, 1.1449999809265137, 1.1480000019073486, 1.149999976158142, 1.1519999504089355, 1.1510000228881836, 1.152999997138977, 1.1510000228881836, 1.159000039100647, 1.1679999828338623, 1.1670000553131104, 1.1510000228881836, 1.0529999732971191, 0.9399999976158142, 0.9300000071525574, 0.9210000038146973, 0.9240000247955322, 0.9330000281333923, 0.921999990940094, 0.9330000281333923, 0.925000011920929, 0.9259999990463257, 0.9340000152587891, 0.9369999766349792, 0.9359999895095825, 0.949999988079071, 0.9490000009536743, 0.9459999799728394, 0.9520000219345093, 0.953000009059906, 0.9480000138282776, 0.9470000267028809, 0.9509999752044678, 0.9570000171661377, 0.9599999785423279, 0.9670000076293945, 0.9610000252723694, 0.9490000009536743, 0.9520000219345093, 0.9639999866485596, 0.9629999995231628, 0.9729999899864197, 0.9750000238418579, 0.9750000238418579, 0.9769999980926514, 0.9800000190734863, 0.9800000190734863, 0.9879999756813049, 0.9869999885559082, 0.9850000143051147, 0.9900000095367432, 0.996999979019165, 0.9980000257492065, 1.003999948501587, 1.003000020980835, 1.0110000371932983, 1.0119999647140503, 1.0199999809265137, 1.0190000534057617, 1.024999976158142, 1.0290000438690186, 1.0290000438690186, 1.0470000505447388, 1.0470000505447388, 1.0470000505447388, 1.0449999570846558, 1.0540000200271606, 1.0579999685287476, 1.0579999685287476, 1.0509999990463257, 1.065999984741211, 1.0750000476837158, 1.0770000219345093, 1.0820000171661377, 1.0809999704360962, 1.0880000591278076, 1.090999960899353, 1.097000002861023, 1.097000002861023, 1.1039999723434448, 1.1160000562667847, 1.1449999809265137, 1.2000000476837158, 1.2730000019073486, 1.3519999980926514, 1.350000023841858, 1.3660000562667847, 1.3680000305175781, 1.371000051498413, 1.371999979019165, 1.3819999694824219, 1.3890000581741333, 1.3919999599456787, 1.399999976158142, 1.4040000438690186, 1.406000018119812, 1.4079999923706055, 1.4110000133514404, 1.3890000581741333, 1.1430000066757202, 1.0880000591278076, 1.0750000476837158, 1.0549999475479126, 1.0549999475479126, 1.0499999523162842, 1.0420000553131104, 1.0420000553131104, 1.0360000133514404, 1.031000018119812, 1.0360000133514404, 1.027999997138977, 1.0290000438690186, 1.0290000438690186, 1.0240000486373901, 1.0369999408721924, 1.0379999876022339, 1.031000018119812, 1.0449999570846558, 1.0470000505447388, 1.0499999523162842, 1.0640000104904175, 1.0670000314712524, 1.0740000009536743, 1.1239999532699585, 1.187000036239624, 1.5379999876022339, 1.5709999799728394, 1.5839999914169312, 1.600000023841858, 1.6100000143051147, 1.621000051498413, 1.625, 1.63100004196167, 1.6399999856948853, 1.6410000324249268, 1.656999945640564, 1.659000039100647, 1.6729999780654907, 1.6829999685287476, 1.690999984741211, 1.7039999961853027, 1.7109999656677246, 1.7139999866485596, 1.725000023841858, 1.7280000448226929, 1.7339999675750732, 1.7339999675750732, 1.7369999885559082, 1.7170000076293945, 1.7079999446868896, 1.7139999866485596, 1.7109999656677246, 1.7009999752044678, 1.6959999799728394, 1.684999942779541, 1.6790000200271606, 1.6699999570846558, 1.6679999828338623, 1.6629999876022339, 1.659000039100647, 1.6519999504089355, 1.6510000228881836, 1.6390000581741333, 1.6260000467300415, 1.6239999532699585, 1.6200000047683716, 1.61899995803833, 1.6160000562667847, 1.6130000352859497, 1.6160000562667847, 1.6130000352859497, 1.6369999647140503, 1.659000039100647, 1.6990000009536743, 1.843999981880188, 2.0450000762939453, 2.078000068664551, 2.0929999351501465, 2.115999937057495, 2.128000020980835, 2.1389999389648438, 2.1659998893737793, 2.188999891281128, 2.2149999141693115, 2.2330000400543213, 2.246000051498413, 2.260999917984009, 2.2850000858306885, 2.309999942779541, 2.3239998817443848, 2.3440001010894775, 2.378000020980835, 2.378999948501587, 2.4059998989105225, 2.431999921798706, 2.437000036239624, 2.437000036239624, 0.9760000109672546, 0.8539999723434448, 0.8190000057220459, 0.7960000038146973, 0.7829999923706055, 0.7799999713897705, 0.7770000100135803, 0.777999997138977, 0.7749999761581421, 0.777999997138977, 0.7739999890327454, 0.7739999890327454, 0.7599999904632568, 0.7540000081062317, 0.7429999709129333, 0.7440000176429749, 0.7360000014305115, 0.7239999771118164, 0.7170000076293945, 0.7149999737739563, 0.7129999995231628, 0.7170000076293945, 0.7170000076293945, 0.7170000076293945, 0.718999981880188, 0.7200000286102295, 0.722000002861023, 0.7200000286102295, 0.7229999899864197, 0.7179999947547913, 0.7200000286102295, 0.7149999737739563, 0.7139999866485596, 0.7099999785423279, 0.703000009059906, 0.6990000009536743, 0.7020000219345093, 0.6949999928474426, 0.7139999866485596, 0.6909999847412109, 0.6919999718666077, 0.6919999718666077, 0.6930000185966492, 0.6940000057220459, 0.6869999766349792, 0.6869999766349792, 0.6930000185966492, 0.6970000267028809, 0.6940000057220459, 0.6859999895095825, 0.6819999814033508, 0.675000011920929, 0.6679999828338623, 0.6600000262260437, 0.6579999923706055, 0.6589999794960022, 0.6499999761581421, 0.6460000276565552, 0.640999972820282, 0.640999972820282, 0.6290000081062317, 0.628000020980835, 0.628000020980835, 0.6240000128746033, 0.6119999885559082, 0.6029999852180481, 0.5950000286102295, 0.5929999947547913, 0.5910000205039978, 0.5889999866485596, 0.5879999995231628, 0.5910000205039978, 0.5839999914169312, 0.5809999704360962, 0.5789999961853027, 0.5839999914169312, 0.5860000252723694, 0.5820000171661377, 0.5770000219345093, 0.5770000219345093, 0.5709999799728394, 0.5770000219345093, 0.5849999785423279, 0.5889999866485596, 0.5929999947547913, 0.597000002861023, 0.593999981880188, 0.6069999933242798, 0.621999979019165, 0.625, 0.6269999742507935, 0.6299999952316284, 0.6290000081062317, 0.6240000128746033, 0.625, 0.6299999952316284, 0.6230000257492065, 0.6159999966621399, 0.6050000190734863, 0.6019999980926514, 0.597000002861023, 0.5989999771118164, 0.5989999771118164, 0.5979999899864197, 0.6000000238418579, 0.5910000205039978, 0.5910000205039978, 0.578000009059906, 0.5730000138282776, 0.5720000267028809, 0.5759999752044678, 0.5770000219345093, 0.5789999961853027, 0.5820000171661377, 0.5879999995231628, 0.5830000042915344, 0.578000009059906, 0.5759999752044678, 0.5799999833106995, 0.5849999785423279, 0.5839999914169312, 0.5699999928474426, 0.5699999928474426, 0.574999988079071, 0.5630000233650208, 0.574999988079071, 0.5690000057220459, 0.5680000185966492, 0.5619999766349792, 0.5580000281333923, 0.5540000200271606, 0.5550000071525574, 0.5550000071525574, 0.5529999732971191, 0.5550000071525574, 0.5529999732971191, 0.5619999766349792, 0.5569999814033508, 0.5680000185966492, 0.5830000042915344, 0.5889999866485596, 0.5860000252723694, 0.6060000061988831, 0.6110000014305115, 0.6140000224113464, 0.6140000224113464, 0.6169999837875366, 0.6230000257492065, 0.6299999952316284, 0.6299999952316284, 0.6309999823570251, 0.6349999904632568, 0.6389999985694885, 0.7570000290870667, 0.6620000004768372, 3.194999933242798, 3.196000099182129, 3.1659998893737793, 3.1019999980926514, 3.0350000858306885, 2.9609999656677246, 2.9049999713897705, 2.8889999389648438, 2.8970000743865967, 11.043999671936035, 11.045999526977539, 11.064000129699707, 11.074999809265137, 11.092000007629395, 11.104999542236328, 11.11299991607666, 11.130000114440918, 11.145000457763672, 11.159000396728516, 11.175999641418457, 11.199999809265137, 11.204000473022461, 11.227999687194824, 11.244000434875488, 11.241999626159668, 11.277000427246094, 11.29699993133545, 11.307000160217285, 11.33899974822998, 11.343000411987305, 11.354999542236328, 11.371000289916992, 11.402999877929688, 11.413000106811523, 11.432999610900879, 11.435999870300293, 11.392000198364258, 11.274999618530273, 11.222999572753906, 11.208999633789062, 11.220999717712402, 11.243000030517578, 11.27299976348877, 11.27299976348877, 65.53299713134766, 65.53299713134766, 65.53299713134766, 65.53299713134766, 65.53299713134766, 65.53299713134766, 65.53299713134766, 65.53299713134766, 65.53299713134766, 65.53299713134766, 65.53299713134766, 65.53299713134766, 65.53299713134766, 65.53299713134766, 65.53299713134766, 65.53299713134766, 65.53299713134766, 65.53299713134766, 65.53299713134766, 65.53299713134766, 65.53299713134766, 65.53299713134766, 65.53299713134766, 65.53299713134766, 65.53299713134766, 3.8970000743865967, 3.8959999084472656, 3.885999917984009, 3.882999897003174, 3.880000114440918, 3.884999990463257, 3.8940000534057617, 3.9159998893737793, 3.928999900817871, 3.928999900817871, 3.9519999027252197, 3.9609999656677246, 3.9749999046325684, 3.984999895095825, 3.992000102996826, 3.996000051498413, 4.013999938964844, 4.039000034332275, 4.035999774932861, 4.050000190734863, 4.071000099182129, 4.078000068664551, 4.0970001220703125, 4.103000164031982, 4.113999843597412, 4.13100004196167, 4.145999908447266, 4.158999919891357, 4.170000076293945, 4.184000015258789, 4.198999881744385, 4.197000026702881, 4.197000026702881, 4.183000087738037, 65.53299713134766, 65.53299713134766, 65.53299713134766, 65.53299713134766, 65.53299713134766, 65.53299713134766, 65.53299713134766, 65.53299713134766, 65.53299713134766, 65.53299713134766, 65.53299713134766, 65.53299713134766, 65.53299713134766, 65.53299713134766, 65.53299713134766, 65.53299713134766, 65.53299713134766, 65.53299713134766, 65.53299713134766, 65.53299713134766, 65.53299713134766, 65.53299713134766, 65.53299713134766, 65.53299713134766, 4.474999904632568, 4.480000019073486, 4.480000019073486, 4.4670000076293945, 4.4770002365112305, 4.479000091552734, 4.480000019073486, 4.489999771118164, 4.48199987411499, 4.504000186920166, 4.500999927520752, 4.497000217437744, 4.5, 4.504000186920166, 4.508999824523926, 4.513999938964844, 4.514999866485596, 3.6010000705718994, 3.4639999866485596, 3.4609999656677246, 3.4739999771118164, 3.4769999980926514, 3.4639999866485596, 3.4660000801086426, 3.5880000591278076, 3.5380001068115234, 3.4790000915527344, 3.447999954223633, 3.431999921798706, 3.4030001163482666, 3.3889999389648438, 3.371999979019165, 3.377000093460083, 3.378999948501587, 3.3910000324249268, 3.3949999809265137, 3.4089999198913574, 3.427000045776367, 3.443000078201294, 3.4560000896453857, 3.48799991607666, 3.500999927520752, 3.9230000972747803, 4.623000144958496, 4.623000144958496, 4.617000102996826, 4.60699987411499, 4.5879998207092285, 4.571000099182129, 4.559000015258789, 4.552999973297119, 4.544000148773193, 4.526000022888184, 4.511000156402588, 4.51200008392334, 4.48799991607666, 4.460999965667725, 4.454999923706055, 4.449999809265137, 4.436999797821045, 2.989000082015991, 3.00600004196167, 3.0329999923706055, 3.061000108718872, 3.062000036239624, 3.069999933242798, 3.0980000495910645, 3.135999917984009, 3.1540000438690186, 3.1670000553131104, 3.203000068664551, 3.2200000286102295, 3.246999979019165, 3.259000062942505, 3.303999900817871, 3.3389999866485596, 3.36299991607666, 3.3889999389648438, 3.4200000762939453, 3.444000005722046, 3.4679999351501465, 3.509999990463257, 3.5350000858306885, 3.5799999237060547, 3.6059999465942383, 3.635999917984009, 3.6760001182556152, 3.7049999237060547, 3.7290000915527344, 3.7690000534057617, 3.808000087738037, 3.822999954223633, 3.861999988555908, 3.9059998989105225, 3.947000026702881, 3.992000102996826, 4.038000106811523, 4.057000160217285, 4.072999954223633, 4.072999954223633, 4.072000026702881, 4.059999942779541, 4.041999816894531, 4.041999816894531, 4.03000020980835, 4.0269999504089355, 4.0320000648498535, 4.0320000648498535, 4.001999855041504, 4.001999855041504, 2.9519999027252197, 2.865999937057495, 2.8550000190734863, 2.8589999675750732, 2.953000068664551, 3.078000068664551, 2.884000062942505, 2.8469998836517334, 2.8239998817443848, 2.7790000438690186, 2.743000030517578, 2.7269999980926514, 2.7139999866485596, 2.693000078201294, 2.681999921798706, 2.684999942779541, 2.681999921798706, 2.680999994277954, 2.684000015258789, 2.674999952316284, 2.677000045776367, 2.680000066757202, 2.700000047683716, 2.746999979019165, 2.8570001125335693, 2.9619998931884766, 3.8429999351501465, 3.86299991607666, 3.8570001125335693, 3.8489999771118164, 3.8380000591278076, 3.828000068664551, 3.7760000228881836, 3.1019999980926514, 3.0840001106262207, 3.109999895095825, 3.184000015258789, 3.184999942779541, 3.187000036239624, 3.194999933242798, 3.808000087738037, 3.8010001182556152, 3.7939999103546143, 3.756999969482422, 3.757999897003174, 3.756999969482422, 3.753999948501587, 2.4590001106262207, 2.4130001068115234, 3.76200008392334, 3.7699999809265137, 3.7890000343322754, 4.00600004196167, 4.0920000076293945, 4.0920000076293945, 65.53299713134766, 65.53299713134766, 65.53299713134766, 65.53299713134766, 65.53299713134766, 65.53299713134766, 65.53299713134766, 65.53299713134766, 65.53299713134766, 65.53299713134766, 65.53299713134766, 65.53299713134766, 65.53299713134766, 65.53299713134766, 65.53299713134766, 65.53299713134766, 65.53299713134766, 3.013000011444092, 2.8929998874664307, 3.1619999408721924, 3.365999937057495, 3.4240000247955322, 3.7290000915527344, 3.763000011444092, 3.7709999084472656, 3.7750000953674316, 3.7769999504089355, 3.7709999084472656, 3.7739999294281006, 3.7739999294281006, 3.7739999294281006, 3.7639999389648438, 3.7130000591278076, 3.7179999351501465, 3.7850000858306885, 3.7799999713897705, 3.7780001163482666, 3.7780001163482666, 3.7799999713897705, 3.7809998989105225, 3.7860000133514404, 3.7880001068115234, 3.7790000438690186, 3.749000072479248, 3.6459999084472656, 2.5850000381469727, 2.0950000286102295, 1.9950000047683716, 1.9850000143051147, 1.9869999885559082, 1.9739999771118164, 1.9630000591278076, 1.9459999799728394, 1.940999984741211, 1.940999984741211, 1.9390000104904175, 1.930999994277954, 1.937999963760376, 1.937000036239624, 1.9240000247955322, 1.9140000343322754, 1.9290000200271606, 1.9229999780654907, 1.9160000085830688, 1.9140000343322754, 1.9140000343322754, 1.9270000457763672, 1.9270000457763672, 1.9179999828338623, 1.9179999828338623, 1.9170000553131104, 1.9170000553131104, 1.9160000085830688, 1.9839999675750732, 2.052999973297119, 1.9479999542236328, 1.9550000429153442, 3.994999885559082, 4.00600004196167, 4.047999858856201, 4.078999996185303, 4.089000225067139, 4.090000152587891, 4.0970001220703125, 4.079999923706055, 4.034999847412109, 4.013999938964844, 4.03000020980835, 4.0970001220703125, 4.163000106811523, 4.2829999923706055, 4.5920000076293945, 4.566999912261963, 4.504000186920166, 4.4679999351501465, 4.4029998779296875, 4.335000038146973, 4.2829999923706055, 4.223999977111816, 4.172999858856201, 4.118000030517578, 4.076000213623047, 4.048999786376953, 4.000999927520752]
intensities: [530.0, 522.0, 574.0, 643.0, 757.0, 832.0, 711.0, 488.0, 448.0, 466.0, 496.0, 549.0, 576.0, 595.0, 585.0, 525.0, 497.0, 502.0, 553.0, 554.0, 549.0, 537.0, 548.0, 574.0, 561.0, 546.0, 571.0, 565.0, 618.0, 609.0, 548.0, 534.0, 527.0, 537.0, 560.0, 622.0, 627.0, 667.0, 665.0, 691.0, 646.0, 632.0, 607.0, 531.0, 526.0, 520.0, 532.0, 513.0, 602.0, 645.0, 695.0, 755.0, 759.0, 732.0, 695.0, 664.0, 634.0, 623.0, 621.0, 655.0, 706.0, 743.0, 790.0, 809.0, 833.0, 844.0, 875.0, 960.0, 960.0, 1017.0, 1009.0, 996.0, 980.0, 951.0, 939.0, 956.0, 951.0, 981.0, 1012.0, 1021.0, 1063.0, 1081.0, 1096.0, 1096.0, 1116.0, 1131.0, 1171.0, 1163.0, 1237.0, 1284.0, 1284.0, 1288.0, 1312.0, 1297.0, 1284.0, 1286.0, 1276.0, 1270.0, 1281.0, 1269.0, 1261.0, 1253.0, 1252.0, 1262.0, 1261.0, 1235.0, 1238.0, 1256.0, 1221.0, 1209.0, 1209.0, 1205.0, 1204.0, 1198.0, 1205.0, 1208.0, 1205.0, 1223.0, 1227.0, 1236.0, 1233.0, 1239.0, 1240.0, 1190.0, 871.0, 432.0, 416.0, 342.0, 328.0, 359.0, 589.0, 777.0, 810.0, 828.0, 837.0, 836.0, 836.0, 838.0, 828.0, 816.0, 828.0, 831.0, 837.0, 821.0, 817.0, 812.0, 808.0, 805.0, 799.0, 799.0, 791.0, 785.0, 785.0, 787.0, 790.0, 790.0, 781.0, 773.0, 779.0, 764.0, 768.0, 771.0, 765.0, 769.0, 759.0, 757.0, 756.0, 740.0, 734.0, 734.0, 723.0, 728.0, 703.0, 692.0, 640.0, 571.0, 571.0, 0.0, 0.0, 703.0, 738.0, 774.0, 736.0, 746.0, 797.0, 807.0, 814.0, 834.0, 835.0, 839.0, 840.0, 839.0, 833.0, 827.0, 822.0, 827.0, 817.0, 820.0, 820.0, 813.0, 811.0, 804.0, 803.0, 802.0, 804.0, 802.0, 800.0, 792.0, 795.0, 797.0, 786.0, 777.0, 775.0, 775.0, 772.0, 766.0, 761.0, 768.0, 768.0, 755.0, 757.0, 758.0, 740.0, 741.0, 738.0, 738.0, 713.0, 720.0, 717.0, 707.0, 704.0, 707.0, 710.0, 698.0, 690.0, 680.0, 674.0, 665.0, 665.0, 659.0, 657.0, 648.0, 636.0, 619.0, 626.0, 612.0, 603.0, 600.0, 595.0, 588.0, 579.0, 574.0, 574.0, 575.0, 573.0, 569.0, 566.0, 559.0, 561.0, 552.0, 550.0, 536.0, 536.0, 535.0, 543.0, 546.0, 538.0, 538.0, 537.0, 532.0, 533.0, 526.0, 518.0, 519.0, 512.0, 512.0, 510.0, 503.0, 500.0, 497.0, 458.0, 468.0, 446.0, 447.0, 446.0, 442.0, 441.0, 382.0, 378.0, 374.0, 372.0, 376.0, 359.0, 360.0, 340.0, 320.0, 339.0, 314.0, 323.0, 311.0, 298.0, 295.0, 278.0, 276.0, 260.0, 256.0, 242.0, 252.0, 167.0, 169.0, 169.0, 188.0, 137.0, 154.0, 171.0, 0.0, 0.0, 266.0, 266.0, 266.0, 397.0, 411.0, 523.0, 567.0, 600.0, 715.0, 1048.0, 1113.0, 1113.0, 1128.0, 1120.0, 1144.0, 1136.0, 1134.0, 1125.0, 1132.0, 1129.0, 1110.0, 1102.0, 1118.0, 1128.0, 1138.0, 1149.0, 1141.0, 1128.0, 1151.0, 851.0, 759.0, 667.0, 750.0, 847.0, 859.0, 865.0, 844.0, 845.0, 845.0, 842.0, 831.0, 824.0, 816.0, 807.0, 812.0, 796.0, 783.0, 781.0, 776.0, 774.0, 769.0, 774.0, 765.0, 750.0, 751.0, 744.0, 727.0, 740.0, 731.0, 731.0, 727.0, 717.0, 705.0, 712.0, 708.0, 694.0, 696.0, 700.0, 690.0, 687.0, 669.0, 671.0, 662.0, 646.0, 645.0, 644.0, 639.0, 637.0, 633.0, 632.0, 631.0, 632.0, 625.0, 625.0, 625.0, 604.0, 607.0, 596.0, 596.0, 589.0, 581.0, 586.0, 585.0, 581.0, 581.0, 592.0, 588.0, 568.0, 537.0, 704.0, 1027.0, 1065.0, 1088.0, 1087.0, 1108.0, 1097.0, 1081.0, 1084.0, 1084.0, 1086.0, 1092.0, 1084.0, 1084.0, 1109.0, 1107.0, 1237.0, 1223.0, 1208.0, 1133.0, 1133.0, 1151.0, 1182.0, 1198.0, 1232.0, 1243.0, 1318.0, 1299.0, 1343.0, 1343.0, 1276.0, 1262.0, 1246.0, 1127.0, 1134.0, 1122.0, 1142.0, 1232.0, 1219.0, 1207.0, 1285.0, 1264.0, 1122.0, 1116.0, 1098.0, 1102.0, 1093.0, 1101.0, 1096.0, 1095.0, 1077.0, 1084.0, 1082.0, 1093.0, 1128.0, 1121.0, 1112.0, 1111.0, 1110.0, 1105.0, 1095.0, 1012.0, 906.0, 875.0, 966.0, 1020.0, 1050.0, 1107.0, 1103.0, 1108.0, 1116.0, 1102.0, 1114.0, 1108.0, 1121.0, 1099.0, 1117.0, 1123.0, 1115.0, 1110.0, 1105.0, 1097.0, 1099.0, 1102.0, 1111.0, 1125.0, 1155.0, 1135.0, 1200.0, 1210.0, 1190.0, 1124.0, 1038.0, 1019.0, 1018.0, 1013.0, 1007.0, 1000.0, 992.0, 991.0, 985.0, 992.0, 981.0, 980.0, 970.0, 975.0, 975.0, 968.0, 972.0, 954.0, 959.0, 947.0, 942.0, 942.0, 1524.0, 1571.0, 1458.0, 1344.0, 1324.0, 1313.0, 1312.0, 1351.0, 1446.0, 1614.0, 1554.0, 1554.0, 1382.0, 1408.0, 1371.0, 1473.0, 1429.0, 1603.0, 1588.0, 1705.0, 1735.0, 1785.0, 1781.0, 1763.0, 1769.0, 1792.0, 1793.0, 1763.0, 1703.0, 1608.0, 1571.0, 1562.0, 1511.0, 1518.0, 1522.0, 1574.0, 1546.0, 1260.0, 1359.0, 1124.0, 1115.0, 1115.0, 1116.0, 1117.0, 1115.0, 1115.0, 1118.0, 1117.0, 1104.0, 1112.0, 1118.0, 1113.0, 1097.0, 1109.0, 1102.0, 1131.0, 1127.0, 1156.0, 1311.0, 1532.0, 1502.0, 1572.0, 1418.0, 1382.0, 1330.0, 1279.0, 1225.0, 1200.0, 1175.0, 1169.0, 1214.0, 1209.0, 1223.0, 1236.0, 1283.0, 1372.0, 1390.0, 1354.0, 1296.0, 1296.0, 1231.0, 1246.0, 1274.0, 1277.0, 1267.0, 1252.0, 1161.0, 1201.0, 1310.0, 1353.0, 1392.0, 1397.0, 1393.0, 1425.0, 1422.0, 1401.0, 1309.0, 1292.0, 1300.0, 1500.0, 1560.0, 1705.0, 1705.0, 1689.0, 1542.0, 1322.0, 1322.0, 1401.0, 1418.0, 1533.0, 1531.0, 1522.0, 1523.0, 1488.0, 1508.0, 1437.0, 1420.0, 1348.0, 1377.0, 1384.0, 1403.0, 1274.0, 1274.0, 1520.0, 1655.0, 1819.0, 1837.0, 1861.0, 1802.0, 1625.0, 1623.0, 1638.0, 1660.0, 1544.0, 1519.0, 1253.0, 1230.0, 1121.0, 1122.0, 1146.0, 1160.0, 1151.0, 1272.0, 1296.0, 1310.0, 1299.0, 1307.0, 1283.0, 1277.0, 1251.0, 1164.0, 1112.0, 999.0, 1364.0, 544.0, 909.0, 915.0, 878.0, 867.0, 848.0, 851.0, 798.0, 743.0, 466.0, 530.0, 525.0, 526.0, 522.0, 532.0, 522.0, 519.0, 518.0, 519.0, 512.0, 522.0, 520.0, 514.0, 521.0, 515.0, 506.0, 525.0, 518.0, 507.0, 522.0, 520.0, 511.0, 510.0, 519.0, 512.0, 510.0, 508.0, 525.0, 537.0, 574.0, 576.0, 551.0, 514.0, 255.0, 255.0, 0.0, 0.0, 0.0, 0.0, 0.0, 0.0, 0.0, 0.0, 0.0, 0.0, 0.0, 0.0, 0.0, 0.0, 0.0, 0.0, 0.0, 0.0, 0.0, 0.0, 0.0, 0.0, 0.0, 0.0, 0.0, 742.0, 771.0, 843.0, 870.0, 870.0, 864.0, 864.0, 869.0, 849.0, 849.0, 858.0, 850.0, 862.0, 856.0, 858.0, 855.0, 847.0, 802.0, 761.0, 764.0, 768.0, 755.0, 759.0, 747.0, 748.0, 741.0, 748.0, 731.0, 729.0, 718.0, 719.0, 708.0, 708.0, 693.0, 0.0, 0.0, 0.0, 0.0, 0.0, 0.0, 0.0, 0.0, 0.0, 0.0, 0.0, 0.0, 0.0, 0.0, 0.0, 0.0, 0.0, 0.0, 0.0, 0.0, 0.0, 0.0, 0.0, 0.0, 917.0, 909.0, 909.0, 818.0, 824.0, 822.0, 812.0, 798.0, 746.0, 764.0, 773.0, 783.0, 790.0, 777.0, 783.0, 792.0, 795.0, 979.0, 821.0, 823.0, 740.0, 725.0, 781.0, 801.0, 954.0, 845.0, 776.0, 794.0, 839.0, 806.0, 805.0, 775.0, 783.0, 787.0, 799.0, 790.0, 783.0, 698.0, 608.0, 549.0, 461.0, 400.0, 875.0, 689.0, 689.0, 703.0, 701.0, 716.0, 715.0, 724.0, 731.0, 745.0, 742.0, 735.0, 746.0, 751.0, 748.0, 771.0, 770.0, 765.0, 339.0, 716.0, 828.0, 840.0, 842.0, 843.0, 834.0, 841.0, 834.0, 827.0, 835.0, 834.0, 836.0, 819.0, 855.0, 862.0, 846.0, 836.0, 837.0, 809.0, 803.0, 814.0, 807.0, 813.0, 810.0, 813.0, 794.0, 804.0, 792.0, 774.0, 759.0, 750.0, 734.0, 735.0, 727.0, 733.0, 762.0, 768.0, 842.0, 905.0, 896.0, 876.0, 872.0, 872.0, 816.0, 819.0, 851.0, 851.0, 746.0, 746.0, 1209.0, 1287.0, 1390.0, 1384.0, 1319.0, 996.0, 676.0, 688.0, 732.0, 776.0, 799.0, 804.0, 808.0, 805.0, 842.0, 841.0, 813.0, 811.0, 821.0, 811.0, 803.0, 796.0, 817.0, 901.0, 1240.0, 1265.0, 904.0, 930.0, 923.0, 924.0, 929.0, 936.0, 955.0, 1220.0, 1238.0, 1177.0, 1138.0, 1163.0, 1189.0, 1161.0, 909.0, 877.0, 864.0, 834.0, 858.0, 897.0, 907.0, 1425.0, 1421.0, 863.0, 869.0, 834.0, 364.0, 327.0, 327.0, 0.0, 0.0, 0.0, 0.0, 0.0, 0.0, 0.0, 0.0, 0.0, 0.0, 0.0, 0.0, 0.0, 0.0, 0.0, 0.0, 0.0, 910.0, 574.0, 1100.0, 1087.0, 1070.0, 933.0, 924.0, 913.0, 911.0, 922.0, 911.0, 918.0, 918.0, 918.0, 919.0, 934.0, 935.0, 928.0, 919.0, 918.0, 918.0, 918.0, 926.0, 921.0, 925.0, 907.0, 887.0, 861.0, 1277.0, 1527.0, 1628.0, 1204.0, 1138.0, 1110.0, 1112.0, 1099.0, 1107.0, 1107.0, 1047.0, 995.0, 966.0, 980.0, 964.0, 1080.0, 1299.0, 1204.0, 1033.0, 1018.0, 1002.0, 1019.0, 1059.0, 1102.0, 1102.0, 1103.0, 1125.0, 1119.0, 1493.0, 1682.0, 715.0, 457.0, 906.0, 909.0, 902.0, 918.0, 920.0, 924.0, 919.0, 914.0, 908.0, 922.0, 909.0, 896.0, 909.0, 873.0, 654.0, 654.0, 658.0, 667.0, 665.0, 673.0, 683.0, 697.0, 713.0, 714.0, 700.0, 677.0, 629.0]