header: 
  seq: 705
  stamp: 
    secs: 1545151134
    nsecs: 963028295
  frame_id: "base_link"
angle_min: -2.35619449615
angle_max: 2.35619449615
angle_increment: 0.00436332309619
time_increment: 1.73611151695e-05
scan_time: 0.0250000003725
range_min: 0.019999999553
range_max: 30.0
ranges: [0.13199999928474426, 0.12600000202655792, 0.15299999713897705, 0.16200000047683716, 0.17000000178813934, 0.17000000178813934, 0.17000000178813934, 0.19099999964237213, 0.20900000631809235, 0.2240000069141388, 0.23100000619888306, 0.2549999952316284, 0.29499998688697815, 0.3269999921321869, 0.3880000114440918, 0.3880000114440918, 0.46799999475479126, 0.5260000228881836, 0.5249999761581421, 0.5440000295639038, 0.550000011920929, 0.5799999833106995, 0.5799999833106995, 0.5799999833106995, 0.5699999928474426, 0.574999988079071, 0.5770000219345093, 0.5730000138282776, 0.5730000138282776, 0.5740000009536743, 0.574999988079071, 0.5809999704360962, 0.5809999704360962, 0.5839999914169312, 0.5910000205039978, 0.5989999771118164, 0.6019999980926514, 0.6029999852180481, 0.6039999723434448, 0.6029999852180481, 0.6069999933242798, 0.6129999756813049, 0.6100000143051147, 0.6019999980926514, 0.609000027179718, 0.6200000047683716, 0.621999979019165, 0.6209999918937683, 0.621999979019165, 0.628000020980835, 0.628000020980835, 0.6290000081062317, 0.6330000162124634, 0.6340000033378601, 0.6340000033378601, 0.6309999823570251, 0.6309999823570251, 0.6079999804496765, 0.5730000138282776, 0.5059999823570251, 0.460999995470047, 0.39399999380111694, 0.328000009059906, 0.2709999978542328, 0.2290000021457672, 0.3499999940395355, 0.38999998569488525, 0.43799999356269836, 0.5019999742507935, 0.5809999704360962, 0.6380000114440918, 0.6589999794960022, 0.671999990940094, 0.6859999895095825, 0.6940000057220459, 0.699999988079071, 0.7049999833106995, 0.7070000171661377, 0.7099999785423279, 0.7080000042915344, 0.7039999961853027, 0.6990000009536743, 0.7049999833106995, 0.7089999914169312, 0.7229999899864197, 0.7229999899864197, 0.734000027179718, 0.7329999804496765, 0.734000027179718, 0.7450000047683716, 0.7490000128746033, 0.7519999742507935, 0.7540000081062317, 0.7570000290870667, 0.7609999775886536, 0.7599999904632568, 0.7689999938011169, 0.7730000019073486, 0.7770000100135803, 0.7770000100135803, 0.7879999876022339, 0.796999990940094, 0.796999990940094, 0.8009999990463257, 0.8009999990463257, 0.8069999814033508, 0.8080000281333923, 0.8130000233650208, 0.824999988079071, 0.824999988079071, 0.8220000267028809, 0.8330000042915344, 0.8450000286102295, 0.8479999899864197, 0.8479999899864197, 0.8560000061988831, 0.8640000224113464, 0.8709999918937683, 0.8870000243186951, 0.8859999775886536, 0.8870000243186951, 0.828000009059906, 0.8339999914169312, 0.843999981880188, 0.847000002861023, 0.8610000014305115, 0.871999979019165, 0.9139999747276306, 0.8920000195503235, 0.9210000038146973, 0.925000011920929, 0.9279999732971191, 0.9079999923706055, 0.8920000195503235, 0.8920000195503235, 0.9049999713897705, 0.8870000243186951, 0.8870000243186951, 0.8989999890327454, 0.9020000100135803, 0.9100000262260437, 0.9079999923706055, 0.9089999794960022, 0.9089999794960022, 0.9110000133514404, 0.9279999732971191, 0.925000011920929, 0.9229999780654907, 0.9179999828338623, 0.9200000166893005, 0.9269999861717224, 0.9330000281333923, 0.9290000200271606, 0.9340000152587891, 0.9409999847412109, 0.9520000219345093, 0.9480000138282776, 0.9589999914169312, 0.9629999995231628, 0.9629999995231628, 0.9649999737739563, 0.9769999980926514, 0.9769999980926514, 0.9580000042915344, 0.9639999866485596, 0.9750000238418579, 0.9660000205039978, 0.9399999976158142, 0.9440000057220459, 0.9509999752044678, 0.9539999961853027, 0.953000009059906, 0.9470000267028809, 0.9449999928474426, 0.9549999833106995, 0.9610000252723694, 0.9729999899864197, 0.9729999899864197, 1.0, 0.996999979019165, 0.9909999966621399, 1.0, 0.9929999709129333, 0.9940000176429749, 0.9819999933242798, 0.9909999966621399, 0.9760000109672546, 0.9789999723434448, 0.871999979019165, 0.871999979019165, 65.53299713134766, 65.53299713134766, 65.53299713134766, 0.4269999861717224, 0.4390000104904175, 0.41999998688697815, 0.3959999978542328, 0.43700000643730164, 0.44999998807907104, 0.45399999618530273, 0.45399999618530273, 0.45399999618530273, 0.45399999618530273, 0.460999995470047, 0.46399998664855957, 0.46299999952316284, 0.4690000116825104, 0.46799999475479126, 0.46799999475479126, 0.460999995470047, 0.46000000834465027, 0.460999995470047, 0.4690000116825104, 0.4749999940395355, 0.4749999940395355, 0.4790000021457672, 0.48100000619888306, 0.4740000069141388, 0.48100000619888306, 0.4779999852180481, 0.4790000021457672, 0.4830000102519989, 0.4830000102519989, 0.4860000014305115, 0.4909999966621399, 0.49399998784065247, 0.49300000071525574, 0.49300000071525574, 0.4909999966621399, 0.4970000088214874, 0.4909999966621399, 0.4970000088214874, 0.5059999823570251, 0.5009999871253967, 0.5059999823570251, 0.5080000162124634, 0.5139999985694885, 0.5189999938011169, 0.5139999985694885, 0.515999972820282, 0.5239999890327454, 0.5249999761581421, 0.5270000100135803, 0.5410000085830688, 0.5410000085830688, 0.5419999957084656, 0.5490000247955322, 0.5529999732971191, 0.5509999990463257, 0.5569999814033508, 0.5740000009536743, 0.5690000057220459, 0.5699999928474426, 0.5820000171661377, 0.5799999833106995, 0.5799999833106995, 0.5830000042915344, 0.5820000171661377, 0.5839999914169312, 0.6039999723434448, 0.6060000061988831, 0.6110000014305115, 0.6039999723434448, 0.6060000061988831, 0.6159999966621399, 0.6150000095367432, 0.6209999918937683, 0.628000020980835, 0.6349999904632568, 0.6380000114440918, 0.6359999775886536, 0.6460000276565552, 0.6460000276565552, 0.6489999890327454, 0.6579999923706055, 0.6800000071525574, 0.6819999814033508, 0.675000011920929, 0.6850000023841858, 0.6819999814033508, 0.6890000104904175, 0.6990000009536743, 0.7059999704360962, 0.7099999785423279, 0.7170000076293945, 0.7369999885559082, 0.7170000076293945, 0.7429999709129333, 0.7390000224113464, 0.7730000019073486, 0.753000020980835, 0.7850000262260437, 0.8019999861717224, 0.9409999847412109, 1.0779999494552612, 1.0119999647140503, 1.184000015258789, 1.1740000247955322, 1.2009999752044678, 1.2059999704360962, 1.2419999837875366, 1.2680000066757202, 1.2760000228881836, 1.2949999570846558, 1.309000015258789, 1.3370000123977661, 1.3589999675750732, 1.3489999771118164, 1.3289999961853027, 1.3020000457763672, 1.2899999618530273, 1.2569999694824219, 1.2319999933242798, 1.159999966621399, 1.11899995803833, 1.1399999856948853, 1.184999942779541, 1.1929999589920044, 1.2039999961853027, 1.2009999752044678, 1.1990000009536743, 1.1990000009536743, 1.2050000429153442, 1.2070000171661377, 1.2059999704360962, 1.2100000381469727, 1.2109999656677246, 1.218999981880188, 1.2130000591278076, 1.222000002861023, 1.218999981880188, 1.2200000286102295, 1.215999960899353, 1.215999960899353, 1.222000002861023, 1.222000002861023, 1.2289999723434448, 1.2289999723434448, 1.2330000400543213, 1.2389999628067017, 1.2309999465942383, 1.2319999933242798, 1.2350000143051147, 1.2450000047683716, 1.2489999532699585, 1.253999948501587, 1.2489999532699585, 1.2519999742507935, 1.253999948501587, 1.25600004196167, 1.2610000371932983, 1.2599999904632568, 1.2640000581741333, 1.25600004196167, 1.2640000581741333, 1.2660000324249268, 1.2680000066757202, 1.2680000066757202, 1.274999976158142, 1.2799999713897705, 1.2790000438690186, 1.281000018119812, 1.281999945640564, 1.284999966621399, 1.2899999618530273, 1.2940000295639038, 1.2949999570846558, 1.2949999570846558, 1.2940000295639038, 1.3009999990463257, 1.305999994277954, 1.309999942779541, 1.309999942779541, 1.3079999685287476, 1.3079999685287476, 1.312000036239624, 1.3229999542236328, 1.3270000219345093, 1.3240000009536743, 1.3240000009536743, 1.3309999704360962, 1.3389999866485596, 1.3420000076293945, 1.3489999771118164, 1.3459999561309814, 1.3450000286102295, 1.3650000095367432, 1.3650000095367432, 1.3589999675750732, 1.371000051498413, 1.3739999532699585, 1.375, 1.3819999694824219, 1.3860000371932983, 1.3910000324249268, 1.3960000276565552, 1.4040000438690186, 1.4049999713897705, 1.4149999618530273, 1.4129999876022339, 1.4110000133514404, 1.4149999618530273, 1.4229999780654907, 1.4299999475479126, 1.437000036239624, 1.4429999589920044, 1.444000005722046, 1.4479999542236328, 1.4630000591278076, 1.468000054359436, 1.4709999561309814, 1.4709999561309814, 1.4769999980926514, 1.4830000400543213, 1.4869999885559082, 1.4930000305175781, 1.4989999532699585, 1.5010000467300415, 1.5069999694824219, 1.5269999504089355, 1.5269999504089355, 1.5299999713897705, 1.531000018119812, 1.5379999876022339, 1.5379999876022339, 1.5470000505447388, 1.559999942779541, 1.562000036239624, 1.559000015258789, 1.5729999542236328, 1.5729999542236328, 1.5779999494552612, 1.593000054359436, 1.6039999723434448, 1.6139999628067017, 1.6200000047683716, 1.6239999532699585, 1.6319999694824219, 1.6349999904632568, 1.6449999809265137, 1.652999997138977, 1.6640000343322754, 1.6660000085830688, 1.6770000457763672, 1.6950000524520874, 1.6970000267028809, 1.7000000476837158, 1.7079999446868896, 1.7269999980926514, 1.7359999418258667, 1.7400000095367432, 1.7510000467300415, 1.75600004196167, 1.7610000371932983, 1.7730000019073486, 1.784000039100647, 1.7879999876022339, 1.7960000038146973, 1.7940000295639038, 1.7760000228881836, 1.7899999618530273, 1.7899999618530273, 1.784000039100647, 1.7799999713897705, 1.7690000534057617, 1.7630000114440918, 1.7610000371932983, 1.7610000371932983, 1.7489999532699585, 1.7489999532699585, 1.7380000352859497, 1.7289999723434448, 1.715999960899353, 1.7109999656677246, 1.7100000381469727, 1.7059999704360962, 1.6820000410079956, 1.4989999532699585, 0.9869999885559082, 0.9089999794960022, 0.8709999918937683, 0.843999981880188, 0.8040000200271606, 0.800000011920929, 0.7990000247955322, 0.7950000166893005, 0.7940000295639038, 0.7889999747276306, 0.7870000004768372, 0.781000018119812, 0.7829999923706055, 0.7850000262260437, 0.7829999923706055, 0.765999972820282, 0.7620000243186951, 0.7540000081062317, 0.7440000176429749, 0.7440000176429749, 0.7509999871253967, 0.7450000047683716, 0.7129999995231628, 0.6909999847412109, 0.6869999766349792, 0.6930000185966492, 0.6990000009536743, 0.699999988079071, 0.7170000076293945, 0.7149999737739563, 0.7139999866485596, 0.7139999866485596, 0.7070000171661377, 0.6970000267028809, 0.7009999752044678, 0.7049999833106995, 0.7009999752044678, 0.699999988079071, 0.6980000138282776, 0.6970000267028809, 0.6949999928474426, 0.6790000200271606, 0.6840000152587891, 0.6859999895095825, 0.6899999976158142, 0.6909999847412109, 0.6880000233650208, 0.6700000166893005, 0.6589999794960022, 0.6489999890327454, 0.6470000147819519, 0.6449999809265137, 0.6460000276565552, 0.6489999890327454, 0.6489999890327454, 0.6510000228881836, 0.656000018119812, 0.6620000004768372, 0.6579999923706055, 0.6579999923706055, 0.6589999794960022, 0.652999997138977, 0.6470000147819519, 0.6449999809265137, 0.6420000195503235, 0.6320000290870667, 0.628000020980835, 0.6259999871253967, 0.6209999918937683, 0.6209999918937683, 0.625, 0.625, 0.6259999871253967, 0.6259999871253967, 0.621999979019165, 0.6129999756813049, 0.6100000143051147, 0.6060000061988831, 0.6069999933242798, 0.5989999771118164, 0.5849999785423279, 0.5460000038146973, 0.5529999732971191, 0.5410000085830688, 0.5419999957084656, 0.5339999794960022, 0.5400000214576721, 0.5479999780654907, 0.5450000166893005, 0.5429999828338623, 0.5460000038146973, 0.5519999861717224, 0.546999990940094, 0.5400000214576721, 0.5400000214576721, 0.5429999828338623, 0.550000011920929, 0.550000011920929, 0.5479999780654907, 0.5460000038146973, 0.5410000085830688, 0.5410000085830688, 0.5460000038146973, 0.5490000247955322, 0.5440000295639038, 0.5320000052452087, 0.527999997138977, 0.5220000147819519, 0.5230000019073486, 0.5199999809265137, 0.5210000276565552, 0.5199999809265137, 0.5210000276565552, 0.5180000066757202, 0.5109999775886536, 0.5139999985694885, 0.5220000147819519, 0.5249999761581421, 0.527999997138977, 0.5189999938011169, 0.5210000276565552, 0.5249999761581421, 0.5270000100135803, 0.5299999713897705, 0.5299999713897705, 0.5270000100135803, 0.5270000100135803, 0.5230000019073486, 0.5189999938011169, 0.5180000066757202, 0.515999972820282, 0.5130000114440918, 0.5130000114440918, 0.5090000033378601, 0.5199999809265137, 0.5199999809265137, 0.5199999809265137, 0.515999972820282, 0.5230000019073486, 0.5210000276565552, 0.5170000195503235, 0.5130000114440918, 0.5109999775886536, 0.5149999856948853, 0.5080000162124634, 0.5090000033378601, 0.5299999713897705, 0.5389999747276306, 0.5450000166893005, 0.5759999752044678, 0.6050000190734863, 0.6299999952316284, 0.7289999723434448, 0.7749999761581421, 0.7549999952316284, 0.7509999871253967, 0.7390000224113464, 3.2139999866485596, 3.2339999675750732, 3.2330000400543213, 3.2290000915527344, 3.2320001125335693, 3.234999895095825, 3.236999988555908, 3.234999895095825, 3.2360000610351562, 3.242000102996826, 3.247999906539917, 3.246000051498413, 3.25, 3.260999917984009, 3.259000062942505, 3.253999948501587, 3.253999948501587, 3.255000114440918, 3.26200008392334, 3.260999917984009, 3.263000011444092, 3.257999897003174, 3.255000114440918, 3.2730000019073486, 3.2839999198913574, 3.2899999618530273, 3.2860000133514404, 3.259999990463257, 3.2019999027252197, 3.118000030517578, 3.0850000381469727, 3.1029999256134033, 3.11899995803833, 3.3580000400543213, 3.3570001125335693, 11.048999786376953, 11.048999786376953, 11.083000183105469, 11.086000442504883, 11.097999572753906, 11.098999977111816, 11.13700008392334, 11.147000312805176, 11.149999618530273, 11.163000106811523, 11.187000274658203, 11.192000389099121, 11.206999778747559, 11.220999717712402, 11.23799991607666, 11.265999794006348, 11.270000457763672, 11.291999816894531, 11.303000450134277, 11.317999839782715, 11.336999893188477, 11.366000175476074, 11.376999855041504, 11.380000114440918, 11.409000396728516, 11.416000366210938, 11.447999954223633, 11.46500015258789, 11.456999778747559, 11.416000366210938, 11.3100004196167, 11.262999534606934, 11.256999969482422, 11.258000373840332, 11.272000312805176, 11.284000396728516, 65.53299713134766, 65.53299713134766, 65.53299713134766, 65.53299713134766, 65.53299713134766, 65.53299713134766, 65.53299713134766, 65.53299713134766, 65.53299713134766, 65.53299713134766, 65.53299713134766, 65.53299713134766, 65.53299713134766, 65.53299713134766, 65.53299713134766, 65.53299713134766, 65.53299713134766, 65.53299713134766, 65.53299713134766, 65.53299713134766, 65.53299713134766, 65.53299713134766, 65.53299713134766, 3.938999891281128, 3.938999891281128, 3.9089999198913574, 3.9100000858306885, 3.9100000858306885, 3.930000066757202, 3.924999952316284, 3.930000066757202, 3.943000078201294, 3.9579999446868896, 3.9700000286102295, 3.9779999256134033, 3.9860000610351562, 4.000999927520752, 4.013000011444092, 4.025000095367432, 4.0329999923706055, 4.051000118255615, 4.052999973297119, 4.060999870300293, 4.078000068664551, 4.0929999351501465, 4.107999801635742, 4.130000114440918, 4.13100004196167, 4.1529998779296875, 4.170000076293945, 4.177999973297119, 4.189000129699707, 4.190000057220459, 4.214000225067139, 4.21999979019165, 4.224999904632568, 4.2270002365112305, 4.2270002365112305, 65.53299713134766, 65.53299713134766, 65.53299713134766, 65.53299713134766, 65.53299713134766, 65.53299713134766, 65.53299713134766, 65.53299713134766, 65.53299713134766, 65.53299713134766, 65.53299713134766, 65.53299713134766, 65.53299713134766, 65.53299713134766, 65.53299713134766, 65.53299713134766, 65.53299713134766, 65.53299713134766, 65.53299713134766, 65.53299713134766, 65.53299713134766, 65.53299713134766, 65.53299713134766, 4.673999786376953, 4.703000068664551, 4.7230000495910645, 4.71999979019165, 4.745999813079834, 4.76200008392334, 4.789999961853027, 4.809999942779541, 4.828000068664551, 4.854000091552734, 4.86899995803833, 4.895999908447266, 4.916999816894531, 4.933000087738037, 4.954999923706055, 4.968999862670898, 4.994999885559082, 5.0320000648498535, 5.061999797821045, 5.061999797821045, 5.047999858856201, 5.035999774932861, 5.014999866485596, 3.384999990463257, 3.365999937057495, 3.4040000438690186, 3.443000078201294, 3.4639999866485596, 3.4730000495910645, 3.493000030517578, 3.51200008392334, 3.5339999198913574, 3.5460000038146973, 3.575000047683716, 3.6019999980926514, 3.615000009536743, 3.631999969482422, 3.6519999504089355, 3.671999931335449, 3.680999994277954, 3.7239999771118164, 4.625, 4.64300012588501, 4.644000053405762, 4.63100004196167, 4.622000217437744, 4.505000114440918, 4.419000148773193, 4.492000102996826, 4.565999984741211, 4.548999786376953, 4.5320000648498535, 4.519000053405762, 4.510000228881836, 4.501999855041504, 4.468999862670898, 2.9820001125335693, 2.996999979019165, 2.9769999980926514, 2.99399995803833, 2.993000030517578, 2.996999979019165, 3.0160000324249268, 3.049999952316284, 3.046999931335449, 3.0230000019073486, 3.0450000762939453, 3.0850000381469727, 3.124000072479248, 3.1659998893737793, 3.2309999465942383, 3.256999969482422, 3.2769999504089355, 3.305999994277954, 3.322999954223633, 3.3489999771118164, 3.3570001125335693, 3.3970000743865967, 3.428999900817871, 3.4560000896453857, 3.489000082015991, 3.50600004196167, 3.5439999103546143, 3.572000026702881, 3.5989999771118164, 3.634000062942505, 3.6640000343322754, 3.684999942779541, 3.7100000381469727, 3.749000072479248, 3.7709999084472656, 3.808000087738037, 3.8310000896453857, 3.8589999675750732, 3.86299991607666, 3.5160000324249268, 3.072999954223633, 3.072000026702881, 3.0929999351501465, 3.111999988555908, 3.1050000190734863, 3.0859999656677246, 3.0820000171661377, 3.055000066757202, 3.0409998893737793, 3.0399999618530273, 3.053999900817871, 3.059999942779541, 3.062000036239624, 3.0739998817443848, 3.062000036239624, 3.061000108718872, 3.061000108718872, 3.061000108718872, 3.056999921798706, 3.0420000553131104, 3.0380001068115234, 3.0339999198913574, 3.0350000858306885, 3.0339999198913574, 3.0299999713897705, 3.0269999504089355, 2.99399995803833, 2.9579999446868896, 2.927999973297119, 2.9739999771118164, 3.2279999256134033, 3.86899995803833, 3.875999927520752, 3.888000011444092, 3.874000072479248, 3.871999979019165, 3.871000051498413, 3.864000082015991, 3.8580000400543213, 3.8450000286102295, 3.8410000801086426, 3.8429999351501465, 3.8329999446868896, 3.822999954223633, 3.822000026702881, 3.819999933242798, 3.8239998817443848, 3.816999912261963, 3.813999891281128, 3.813999891281128, 3.8010001182556152, 3.8010001182556152, 3.803999900817871, 3.7920000553131104, 3.7899999618530273, 3.7869999408721924, 3.7790000438690186, 3.7699999809265137, 3.744999885559082, 3.7179999351501465, 3.7249999046325684, 3.734999895095825, 3.753000020980835, 3.759000062942505, 3.7730000019073486, 3.7760000228881836, 3.7769999504089355, 3.7730000019073486, 3.7639999389648438, 3.757999897003174, 3.760999917984009, 3.756999969482422, 3.756999969482422, 3.76200008392334, 3.752000093460083, 3.752000093460083, 3.75600004196167, 3.749000072479248, 3.749000072479248, 3.744999885559082, 3.7330000400543213, 3.6559998989105225, 3.2720000743865967, 3.2320001125335693, 3.186000108718872, 3.1659998893737793, 3.4049999713897705, 3.4049999713897705, 3.7130000591278076, 3.7309999465942383, 3.73799991607666, 3.7330000400543213, 3.7300000190734863, 3.7049999237060547, 3.26200008392334, 3.24399995803833, 3.315999984741211, 3.4049999713897705, 3.4089999198913574, 3.4079999923706055, 3.388000011444092, 3.3480000495910645, 2.3369998931884766, 2.263000011444092, 2.243000030517578, 2.2300000190734863, 2.2309999465942383, 2.236999988555908, 2.250999927520752, 2.375, 2.694000005722046, 3.739000082015991, 3.739000082015991, 2.1619999408721924, 1.9589999914169312, 1.9329999685287476, 1.909999966621399, 1.8849999904632568, 1.871999979019165, 1.8600000143051147, 1.8489999771118164, 1.0230000019073486, 0.9010000228881836, 0.8640000224113464, 0.871999979019165, 0.8709999918937683, 0.8700000047683716, 0.8690000176429749, 0.8690000176429749, 0.871999979019165, 0.8600000143051147, 0.8700000047683716, 0.8730000257492065, 0.8709999918937683, 0.8730000257492065, 0.878000020980835, 0.8799999952316284, 0.8859999775886536, 0.8830000162124634, 0.8870000243186951, 0.8840000033378601, 0.8880000114440918, 0.8899999856948853, 0.890999972820282, 0.8939999938011169, 0.8989999890327454, 0.8930000066757202, 0.8889999985694885, 0.8930000066757202, 0.8960000276565552, 0.9010000228881836, 0.9010000228881836, 0.9049999713897705, 0.9049999713897705, 0.9089999794960022, 0.9110000133514404, 0.9129999876022339, 0.9150000214576721, 0.9179999828338623, 0.9210000038146973, 0.9210000038146973, 0.9190000295639038, 0.9169999957084656, 0.9190000295639038, 0.9259999990463257, 0.9240000247955322, 0.9210000038146973, 0.9160000085830688, 0.9160000085830688, 0.8769999742507935, 0.8569999933242798, 0.8730000257492065, 0.8830000162124634, 0.8560000061988831, 0.8560000061988831, 0.8899999856948853, 0.9039999842643738, 0.8960000276565552, 0.8899999856948853, 0.8989999890327454, 0.9419999718666077, 0.9549999833106995, 0.9629999995231628, 0.972000002861023, 0.9810000061988831, 0.9800000190734863, 0.9800000190734863, 0.984000027179718, 0.984000027179718, 0.9869999885559082, 0.9950000047683716, 1.00600004196167, 1.0130000114440918, 1.0169999599456787, 1.0199999809265137, 1.0219999551773071, 1.0329999923706055, 1.031000018119812]
intensities: [512.0, 512.0, 537.0, 537.0, 527.0, 527.0, 523.0, 536.0, 533.0, 520.0, 514.0, 511.0, 554.0, 597.0, 616.0, 616.0, 777.0, 889.0, 884.0, 926.0, 942.0, 1044.0, 1070.0, 1118.0, 1118.0, 1156.0, 1171.0, 1174.0, 1202.0, 1215.0, 1220.0, 1260.0, 1247.0, 1266.0, 1284.0, 1326.0, 1339.0, 1352.0, 1357.0, 1367.0, 1370.0, 1388.0, 1400.0, 1382.0, 1385.0, 1378.0, 1370.0, 1370.0, 1370.0, 1408.0, 1408.0, 1377.0, 1380.0, 1382.0, 1382.0, 1315.0, 1295.0, 1178.0, 1136.0, 1145.0, 1066.0, 1047.0, 852.0, 735.0, 686.0, 878.0, 981.0, 1057.0, 1076.0, 1102.0, 1101.0, 1111.0, 1110.0, 1110.0, 1109.0, 1113.0, 1110.0, 1106.0, 1097.0, 1099.0, 1118.0, 1101.0, 1118.0, 1128.0, 1192.0, 1192.0, 1245.0, 1239.0, 1245.0, 1283.0, 1308.0, 1322.0, 1308.0, 1301.0, 1316.0, 1301.0, 1317.0, 1300.0, 1301.0, 1301.0, 1301.0, 1289.0, 1273.0, 1272.0, 1271.0, 1269.0, 1251.0, 1245.0, 1249.0, 1256.0, 1239.0, 1248.0, 1243.0, 1241.0, 1255.0, 1268.0, 1280.0, 1322.0, 1319.0, 1260.0, 880.0, 435.0, 408.0, 392.0, 372.0, 415.0, 480.0, 775.0, 810.0, 878.0, 879.0, 880.0, 833.0, 793.0, 789.0, 786.0, 779.0, 779.0, 783.0, 779.0, 785.0, 774.0, 773.0, 773.0, 768.0, 772.0, 764.0, 778.0, 775.0, 765.0, 761.0, 771.0, 764.0, 765.0, 768.0, 782.0, 777.0, 795.0, 796.0, 796.0, 784.0, 798.0, 798.0, 745.0, 757.0, 772.0, 769.0, 707.0, 703.0, 695.0, 691.0, 692.0, 693.0, 693.0, 690.0, 702.0, 727.0, 727.0, 752.0, 742.0, 718.0, 720.0, 712.0, 714.0, 683.0, 644.0, 574.0, 545.0, 417.0, 417.0, 0.0, 0.0, 0.0, 639.0, 661.0, 608.0, 555.0, 699.0, 745.0, 773.0, 773.0, 773.0, 785.0, 787.0, 791.0, 788.0, 790.0, 783.0, 783.0, 775.0, 773.0, 755.0, 748.0, 745.0, 745.0, 753.0, 746.0, 723.0, 732.0, 714.0, 710.0, 717.0, 711.0, 696.0, 697.0, 701.0, 696.0, 690.0, 679.0, 666.0, 655.0, 656.0, 651.0, 645.0, 628.0, 624.0, 612.0, 609.0, 599.0, 601.0, 596.0, 593.0, 590.0, 586.0, 585.0, 584.0, 577.0, 577.0, 572.0, 574.0, 565.0, 554.0, 548.0, 545.0, 538.0, 531.0, 518.0, 512.0, 511.0, 520.0, 521.0, 512.0, 494.0, 491.0, 493.0, 488.0, 478.0, 470.0, 472.0, 472.0, 468.0, 458.0, 451.0, 444.0, 438.0, 431.0, 424.0, 413.0, 414.0, 410.0, 401.0, 391.0, 380.0, 370.0, 364.0, 363.0, 333.0, 332.0, 327.0, 339.0, 302.0, 318.0, 293.0, 383.0, 508.0, 416.0, 550.0, 541.0, 518.0, 524.0, 509.0, 503.0, 499.0, 493.0, 479.0, 478.0, 486.0, 479.0, 493.0, 499.0, 513.0, 548.0, 568.0, 606.0, 640.0, 798.0, 1047.0, 1089.0, 1126.0, 1126.0, 1123.0, 1126.0, 1124.0, 1128.0, 1125.0, 1147.0, 1141.0, 1156.0, 1136.0, 1148.0, 1125.0, 1130.0, 1121.0, 1121.0, 1132.0, 1132.0, 1139.0, 1139.0, 1145.0, 1151.0, 1124.0, 1120.0, 1125.0, 1129.0, 1137.0, 1148.0, 1135.0, 1143.0, 1131.0, 1125.0, 1132.0, 1129.0, 1122.0, 1119.0, 1136.0, 1130.0, 1125.0, 1125.0, 1125.0, 1122.0, 1116.0, 1131.0, 1123.0, 1123.0, 1125.0, 1115.0, 1118.0, 1115.0, 1113.0, 1119.0, 1116.0, 1116.0, 1111.0, 1092.0, 1092.0, 1093.0, 1107.0, 1103.0, 1101.0, 1102.0, 1105.0, 1110.0, 1101.0, 1100.0, 1090.0, 1084.0, 1093.0, 1093.0, 1094.0, 1090.0, 1089.0, 1108.0, 1103.0, 1080.0, 1091.0, 1085.0, 1093.0, 1090.0, 1099.0, 1094.0, 1089.0, 1093.0, 1092.0, 1099.0, 1101.0, 1095.0, 1084.0, 1094.0, 1098.0, 1100.0, 1108.0, 1104.0, 1096.0, 1095.0, 1104.0, 1108.0, 1110.0, 1109.0, 1091.0, 1092.0, 1092.0, 1106.0, 1107.0, 1106.0, 1102.0, 1096.0, 1103.0, 1104.0, 1091.0, 1087.0, 1087.0, 1087.0, 1093.0, 1084.0, 1096.0, 1085.0, 1085.0, 1084.0, 1084.0, 1081.0, 1081.0, 1087.0, 1078.0, 1085.0, 1081.0, 1088.0, 1070.0, 1068.0, 1058.0, 1091.0, 1105.0, 1108.0, 1109.0, 1094.0, 1097.0, 1089.0, 1061.0, 1051.0, 929.0, 858.0, 905.0, 1001.0, 1073.0, 1090.0, 1094.0, 1105.0, 1108.0, 1126.0, 1110.0, 1124.0, 1106.0, 1105.0, 1116.0, 1104.0, 1102.0, 1115.0, 1107.0, 1204.0, 1381.0, 1392.0, 1382.0, 1318.0, 1168.0, 1245.0, 1353.0, 1364.0, 1357.0, 1384.0, 1514.0, 1550.0, 1668.0, 1720.0, 1678.0, 1444.0, 1408.0, 1510.0, 1560.0, 1619.0, 1577.0, 1509.0, 1452.0, 1533.0, 1599.0, 1635.0, 1634.0, 1652.0, 1873.0, 1849.0, 1862.0, 1862.0, 1756.0, 1622.0, 1643.0, 1664.0, 1667.0, 1652.0, 1577.0, 1504.0, 1445.0, 1363.0, 1386.0, 1377.0, 1453.0, 1540.0, 1503.0, 1272.0, 1223.0, 1174.0, 1149.0, 1125.0, 1128.0, 1138.0, 1138.0, 1145.0, 1193.0, 1300.0, 1334.0, 1412.0, 1455.0, 1452.0, 1434.0, 1430.0, 1431.0, 1463.0, 1448.0, 1448.0, 1404.0, 1417.0, 1440.0, 1440.0, 1461.0, 1469.0, 1432.0, 1419.0, 1534.0, 1516.0, 1478.0, 1394.0, 1396.0, 1583.0, 1869.0, 1992.0, 2006.0, 1994.0, 1970.0, 1952.0, 1941.0, 1853.0, 1788.0, 1483.0, 1533.0, 1780.0, 1776.0, 1735.0, 1714.0, 1714.0, 1927.0, 1979.0, 1986.0, 1986.0, 1979.0, 1853.0, 1845.0, 1691.0, 1719.0, 1718.0, 1773.0, 1768.0, 1809.0, 1837.0, 1852.0, 1892.0, 1946.0, 1945.0, 1881.0, 1848.0, 1730.0, 1536.0, 1624.0, 1713.0, 1728.0, 1936.0, 1966.0, 2028.0, 2084.0, 2105.0, 1960.0, 1803.0, 1702.0, 1635.0, 1635.0, 1805.0, 1810.0, 1833.0, 1833.0, 1858.0, 1871.0, 1894.0, 1891.0, 1810.0, 1624.0, 1426.0, 1193.0, 1087.0, 1051.0, 1039.0, 1038.0, 1110.0, 1177.0, 1192.0, 1121.0, 1027.0, 870.0, 758.0, 526.0, 974.0, 965.0, 972.0, 968.0, 968.0, 968.0, 974.0, 975.0, 979.0, 987.0, 989.0, 969.0, 972.0, 967.0, 972.0, 974.0, 983.0, 978.0, 972.0, 967.0, 978.0, 991.0, 976.0, 980.0, 982.0, 985.0, 976.0, 934.0, 895.0, 857.0, 884.0, 861.0, 721.0, 633.0, 505.0, 470.0, 470.0, 531.0, 535.0, 535.0, 529.0, 543.0, 529.0, 527.0, 531.0, 531.0, 528.0, 523.0, 519.0, 521.0, 532.0, 529.0, 533.0, 536.0, 524.0, 516.0, 518.0, 516.0, 519.0, 526.0, 522.0, 518.0, 517.0, 511.0, 531.0, 552.0, 587.0, 622.0, 581.0, 502.0, 438.0, 0.0, 0.0, 0.0, 0.0, 0.0, 0.0, 0.0, 0.0, 0.0, 0.0, 0.0, 0.0, 0.0, 0.0, 0.0, 0.0, 0.0, 0.0, 0.0, 0.0, 0.0, 0.0, 0.0, 732.0, 732.0, 807.0, 872.0, 872.0, 890.0, 879.0, 886.0, 880.0, 874.0, 883.0, 872.0, 870.0, 876.0, 868.0, 871.0, 867.0, 868.0, 868.0, 861.0, 864.0, 858.0, 864.0, 878.0, 862.0, 864.0, 869.0, 860.0, 863.0, 860.0, 865.0, 857.0, 833.0, 734.0, 734.0, 0.0, 0.0, 0.0, 0.0, 0.0, 0.0, 0.0, 0.0, 0.0, 0.0, 0.0, 0.0, 0.0, 0.0, 0.0, 0.0, 0.0, 0.0, 0.0, 0.0, 0.0, 0.0, 0.0, 772.0, 800.0, 819.0, 802.0, 814.0, 812.0, 820.0, 814.0, 807.0, 810.0, 806.0, 809.0, 804.0, 805.0, 795.0, 791.0, 789.0, 792.0, 796.0, 805.0, 825.0, 818.0, 781.0, 585.0, 576.0, 536.0, 518.0, 514.0, 518.0, 512.0, 514.0, 510.0, 507.0, 504.0, 503.0, 510.0, 523.0, 522.0, 505.0, 503.0, 483.0, 709.0, 613.0, 611.0, 593.0, 581.0, 497.0, 592.0, 689.0, 786.0, 822.0, 829.0, 832.0, 837.0, 836.0, 840.0, 110.0, 665.0, 669.0, 695.0, 694.0, 686.0, 670.0, 676.0, 669.0, 631.0, 622.0, 602.0, 701.0, 800.0, 896.0, 888.0, 888.0, 892.0, 879.0, 858.0, 841.0, 848.0, 861.0, 855.0, 842.0, 838.0, 840.0, 840.0, 837.0, 836.0, 823.0, 822.0, 807.0, 802.0, 786.0, 768.0, 752.0, 744.0, 742.0, 913.0, 609.0, 627.0, 740.0, 884.0, 876.0, 866.0, 875.0, 835.0, 817.0, 834.0, 887.0, 908.0, 939.0, 994.0, 963.0, 977.0, 988.0, 1007.0, 1002.0, 996.0, 1000.0, 994.0, 1011.0, 1021.0, 1029.0, 1026.0, 938.0, 907.0, 854.0, 848.0, 1063.0, 996.0, 903.0, 917.0, 906.0, 906.0, 904.0, 908.0, 918.0, 931.0, 924.0, 930.0, 931.0, 933.0, 926.0, 920.0, 934.0, 932.0, 925.0, 936.0, 929.0, 929.0, 937.0, 930.0, 924.0, 917.0, 896.0, 892.0, 884.0, 872.0, 890.0, 892.0, 906.0, 903.0, 924.0, 928.0, 918.0, 917.0, 912.0, 904.0, 920.0, 917.0, 917.0, 926.0, 909.0, 913.0, 924.0, 924.0, 925.0, 922.0, 926.0, 879.0, 475.0, 473.0, 483.0, 487.0, 1044.0, 1044.0, 914.0, 911.0, 925.0, 920.0, 918.0, 919.0, 1122.0, 1129.0, 1084.0, 962.0, 948.0, 955.0, 953.0, 953.0, 1162.0, 1038.0, 1027.0, 1033.0, 1062.0, 976.0, 974.0, 1278.0, 1363.0, 892.0, 892.0, 1348.0, 1074.0, 1107.0, 1116.0, 1128.0, 1116.0, 1135.0, 1112.0, 1304.0, 957.0, 962.0, 1043.0, 1029.0, 943.0, 891.0, 891.0, 1002.0, 1162.0, 1255.0, 1303.0, 1315.0, 1318.0, 1314.0, 1305.0, 1302.0, 1300.0, 1305.0, 1306.0, 1314.0, 1315.0, 1312.0, 1307.0, 1307.0, 1299.0, 1293.0, 1299.0, 1303.0, 1303.0, 1299.0, 1299.0, 1299.0, 1308.0, 1289.0, 1293.0, 1291.0, 1297.0, 1296.0, 1296.0, 1292.0, 1280.0, 1288.0, 1283.0, 1292.0, 1292.0, 1295.0, 1298.0, 1318.0, 1328.0, 1312.0, 1299.0, 1312.0, 1312.0, 1297.0, 1300.0, 1302.0, 1307.0, 1304.0, 1284.0, 1270.0, 1271.0, 1268.0, 1257.0, 1247.0, 1247.0, 1235.0, 1235.0, 1243.0, 1259.0, 1255.0, 1253.0, 1236.0, 1244.0, 1229.0, 1232.0, 1219.0]