header: 
  seq: 505
  stamp: 
    secs: 1545151129
    nsecs: 955820350
  frame_id: "base_link"
angle_min: -2.35619449615
angle_max: 2.35619449615
angle_increment: 0.00436332309619
time_increment: 1.73611151695e-05
scan_time: 0.0250000003725
range_min: 0.019999999553
range_max: 30.0
ranges: [0.13500000536441803, 0.15800000727176666, 0.1420000046491623, 0.13600000739097595, 0.1599999964237213, 0.15399999916553497, 0.18199999630451202, 0.1850000023841858, 0.20200000703334808, 0.2280000001192093, 0.22599999606609344, 0.26600000262260437, 0.28600001335144043, 0.33500000834465027, 0.36000001430511475, 0.41200000047683716, 0.48899999260902405, 0.5289999842643738, 0.5460000038146973, 0.5569999814033508, 0.5550000071525574, 0.5649999976158142, 0.5789999961853027, 0.5740000009536743, 0.5699999928474426, 0.5680000185966492, 0.5690000057220459, 0.5699999928474426, 0.574999988079071, 0.574999988079071, 0.5809999704360962, 0.5839999914169312, 0.5870000123977661, 0.597000002861023, 0.597000002861023, 0.593999981880188, 0.5910000205039978, 0.5989999771118164, 0.6010000109672546, 0.6079999804496765, 0.6119999885559082, 0.6100000143051147, 0.6079999804496765, 0.6079999804496765, 0.6119999885559082, 0.6110000014305115, 0.6140000224113464, 0.6179999709129333, 0.6230000257492065, 0.6209999918937683, 0.625, 0.6299999952316284, 0.6330000162124634, 0.6380000114440918, 0.6380000114440918, 0.6359999775886536, 0.6309999823570251, 0.597000002861023, 0.5730000138282776, 0.5230000019073486, 0.4580000042915344, 0.40700000524520874, 0.31700000166893005, 0.2329999953508377, 0.28700000047683716, 0.3709999918937683, 0.39500001072883606, 0.4259999990463257, 0.4909999966621399, 0.578000009059906, 0.6299999952316284, 0.6639999747276306, 0.6769999861717224, 0.6850000023841858, 0.6949999928474426, 0.7020000219345093, 0.703000009059906, 0.7039999961853027, 0.7049999833106995, 0.7049999833106995, 0.7059999704360962, 0.7120000123977661, 0.7129999995231628, 0.7139999866485596, 0.7139999866485596, 0.7229999899864197, 0.7329999804496765, 0.7360000014305115, 0.7450000047683716, 0.7459999918937683, 0.7549999952316284, 0.7519999742507935, 0.7580000162124634, 0.7609999775886536, 0.7699999809265137, 0.7689999938011169, 0.7689999938011169, 0.7770000100135803, 0.7799999713897705, 0.7829999923706055, 0.7879999876022339, 0.7919999957084656, 0.7960000038146973, 0.796999990940094, 0.7990000247955322, 0.8100000023841858, 0.8100000023841858, 0.8230000138282776, 0.8270000219345093, 0.8270000219345093, 0.8320000171661377, 0.8399999737739563, 0.8399999737739563, 0.8429999947547913, 0.843999981880188, 0.8539999723434448, 0.8539999723434448, 0.8709999918937683, 0.8650000095367432, 0.8830000162124634, 0.8759999871253967, 0.8489999771118164, 0.8379999995231628, 0.8479999899864197, 0.8479999899864197, 0.8529999852180481, 0.8659999966621399, 0.8999999761581421, 0.9020000100135803, 0.8899999856948853, 0.890999972820282, 0.8949999809265137, 0.8840000033378601, 0.8920000195503235, 0.8970000147819519, 0.9089999794960022, 0.9039999842643738, 0.8899999856948853, 0.8980000019073486, 0.9039999842643738, 0.9139999747276306, 0.9179999828338623, 0.9210000038146973, 0.9229999780654907, 0.9139999747276306, 0.9139999747276306, 0.9200000166893005, 0.9290000200271606, 0.9290000200271606, 0.9179999828338623, 0.9279999732971191, 0.925000011920929, 0.921999990940094, 0.9319999814033508, 0.9359999895095825, 0.9359999895095825, 0.9449999928474426, 0.9589999914169312, 0.9589999914169312, 0.9639999866485596, 0.9649999737739563, 0.9729999899864197, 0.9860000014305115, 0.9399999976158142, 0.9399999976158142, 0.9509999752044678, 0.9580000042915344, 0.9599999785423279, 0.9490000009536743, 0.9509999752044678, 0.9509999752044678, 0.949999988079071, 0.9539999961853027, 0.9549999833106995, 0.9589999914169312, 0.9629999995231628, 0.9629999995231628, 0.9769999980926514, 1.0019999742507935, 0.9789999723434448, 0.9850000143051147, 0.9890000224113464, 0.9769999980926514, 0.9800000190734863, 0.9819999933242798, 0.9750000238418579, 0.972000002861023, 0.9639999866485596, 0.9819999933242798, 0.7279999852180481, 0.47200000286102295, 0.47200000286102295, 0.4259999990463257, 0.41100001335144043, 0.41100001335144043, 0.42100000381469727, 0.4300000071525574, 0.45500001311302185, 0.45899999141693115, 0.453000009059906, 0.460999995470047, 0.4580000042915344, 0.4560000002384186, 0.4580000042915344, 0.4580000042915344, 0.4580000042915344, 0.4650000035762787, 0.460999995470047, 0.4650000035762787, 0.4569999873638153, 0.47699999809265137, 0.4740000069141388, 0.4699999988079071, 0.48399999737739563, 0.47999998927116394, 0.47699999809265137, 0.4790000021457672, 0.4819999933242798, 0.4819999933242798, 0.48399999737739563, 0.4860000014305115, 0.4869999885559082, 0.492000013589859, 0.48899999260902405, 0.4909999966621399, 0.492000013589859, 0.48899999260902405, 0.49900001287460327, 0.49399998784065247, 0.5070000290870667, 0.5070000290870667, 0.5080000162124634, 0.5080000162124634, 0.5180000066757202, 0.5170000195503235, 0.5149999856948853, 0.5189999938011169, 0.5199999809265137, 0.5149999856948853, 0.5210000276565552, 0.5210000276565552, 0.5289999842643738, 0.5370000004768372, 0.546999990940094, 0.5460000038146973, 0.5460000038146973, 0.550000011920929, 0.5519999861717224, 0.5509999990463257, 0.5519999861717224, 0.5569999814033508, 0.5649999976158142, 0.5740000009536743, 0.5809999704360962, 0.5789999961853027, 0.5799999833106995, 0.5899999737739563, 0.5960000157356262, 0.6039999723434448, 0.5989999771118164, 0.6119999885559082, 0.6039999723434448, 0.6100000143051147, 0.6050000190734863, 0.6209999918937683, 0.6230000257492065, 0.6209999918937683, 0.6159999966621399, 0.6190000176429749, 0.6190000176429749, 0.6320000290870667, 0.6439999938011169, 0.6639999747276306, 0.6639999747276306, 0.6549999713897705, 0.675000011920929, 0.675000011920929, 0.6729999780654907, 0.6859999895095825, 0.6850000023841858, 0.6890000104904175, 0.7110000252723694, 0.7099999785423279, 0.7229999899864197, 0.7099999785423279, 0.7179999947547913, 0.7229999899864197, 0.7490000128746033, 0.7960000038146973, 0.7680000066757202, 0.7319999933242798, 0.7590000033378601, 0.796999990940094, 0.8169999718666077, 0.8199999928474426, 0.8370000123977661, 0.8569999933242798, 1.2009999752044678, 1.2589999437332153, 1.2410000562667847, 1.2580000162124634, 1.2389999628067017, 1.2879999876022339, 1.2960000038146973, 1.3229999542236328, 1.3209999799728394, 1.3200000524520874, 1.312000036239624, 1.312000036239624, 1.312000036239624, 1.2899999618530273, 1.2680000066757202, 1.2339999675750732, 1.1699999570846558, 1.1230000257492065, 1.1549999713897705, 1.190999984741211, 1.1990000009536743, 1.2000000476837158, 1.2059999704360962, 1.2089999914169312, 1.2029999494552612, 1.2079999446868896, 1.2089999914169312, 1.2089999914169312, 1.215999960899353, 1.2170000076293945, 1.2200000286102295, 1.2209999561309814, 1.2170000076293945, 1.2200000286102295, 1.2170000076293945, 1.222000002861023, 1.222000002861023, 1.225000023841858, 1.2309999465942383, 1.2309999465942383, 1.2289999723434448, 1.2269999980926514, 1.2300000190734863, 1.2350000143051147, 1.2350000143051147, 1.2359999418258667, 1.24399995803833, 1.2450000047683716, 1.2480000257492065, 1.2480000257492065, 1.2480000257492065, 1.2510000467300415, 1.25, 1.25, 1.2519999742507935, 1.2610000371932983, 1.2710000276565552, 1.2680000066757202, 1.2719999551773071, 1.2730000019073486, 1.277999997138977, 1.281999945640564, 1.2769999504089355, 1.2730000019073486, 1.2760000228881836, 1.2769999504089355, 1.2869999408721924, 1.2929999828338623, 1.3009999990463257, 1.3009999990463257, 1.2949999570846558, 1.3029999732971191, 1.3029999732971191, 1.2999999523162842, 1.3049999475479126, 1.3170000314712524, 1.3229999542236328, 1.3229999542236328, 1.3270000219345093, 1.3289999961853027, 1.3309999704360962, 1.3350000381469727, 1.3339999914169312, 1.3359999656677246, 1.3339999914169312, 1.3370000123977661, 1.3370000123977661, 1.343999981880188, 1.343999981880188, 1.3519999980926514, 1.3569999933242798, 1.3630000352859497, 1.371000051498413, 1.375, 1.3680000305175781, 1.371000051498413, 1.3849999904632568, 1.3949999809265137, 1.399999976158142, 1.406000018119812, 1.406999945640564, 1.4110000133514404, 1.4160000085830688, 1.4160000085830688, 1.4170000553131104, 1.4259999990463257, 1.4299999475479126, 1.4290000200271606, 1.437000036239624, 1.4429999589920044, 1.4479999542236328, 1.4589999914169312, 1.4620000123977661, 1.465000033378601, 1.4780000448226929, 1.4859999418258667, 1.4850000143051147, 1.4880000352859497, 1.49399995803833, 1.5, 1.50600004196167, 1.5149999856948853, 1.5099999904632568, 1.5240000486373901, 1.5230000019073486, 1.527999997138977, 1.534999966621399, 1.5410000085830688, 1.5490000247955322, 1.5540000200271606, 1.562000036239624, 1.565000057220459, 1.569000005722046, 1.569000005722046, 1.5829999446868896, 1.590999960899353, 1.6100000143051147, 1.6139999628067017, 1.6269999742507935, 1.6449999809265137, 1.6440000534057617, 1.6430000066757202, 1.6449999809265137, 1.652999997138977, 1.6670000553131104, 1.6749999523162842, 1.680999994277954, 1.6920000314712524, 1.6970000267028809, 1.6979999542236328, 1.7130000591278076, 1.7200000286102295, 1.725000023841858, 1.7269999980926514, 1.7369999885559082, 1.7549999952316284, 1.7710000276565552, 1.7769999504089355, 1.774999976158142, 1.784999966621399, 1.7970000505447388, 1.7869999408721924, 1.784000039100647, 1.7860000133514404, 1.7799999713897705, 1.7860000133514404, 1.7769999504089355, 1.7690000534057617, 1.7599999904632568, 1.7599999904632568, 1.7640000581741333, 1.7569999694824219, 1.7410000562667847, 1.7380000352859497, 1.7369999885559082, 1.7369999885559082, 1.715000033378601, 1.7100000381469727, 1.7079999446868896, 1.7029999494552612, 1.6970000267028809, 1.680999994277954, 1.6430000066757202, 1.2619999647140503, 0.9229999780654907, 0.8769999742507935, 0.8690000176429749, 0.8309999704360962, 0.8050000071525574, 0.7850000262260437, 0.7879999876022339, 0.800000011920929, 0.800000011920929, 0.7929999828338623, 0.7889999747276306, 0.7889999747276306, 0.7879999876022339, 0.7870000004768372, 0.7860000133514404, 0.777999997138977, 0.7680000066757202, 0.7559999823570251, 0.7519999742507935, 0.7519999742507935, 0.7360000014305115, 0.7149999737739563, 0.7039999961853027, 0.7020000219345093, 0.7110000252723694, 0.7139999866485596, 0.7120000123977661, 0.718999981880188, 0.7200000286102295, 0.722000002861023, 0.7129999995231628, 0.7080000042915344, 0.703000009059906, 0.7059999704360962, 0.703000009059906, 0.7009999752044678, 0.7009999752044678, 0.699999988079071, 0.699999988079071, 0.6949999928474426, 0.6949999928474426, 0.6959999799728394, 0.6970000267028809, 0.6970000267028809, 0.6959999799728394, 0.6890000104904175, 0.6729999780654907, 0.6660000085830688, 0.6579999923706055, 0.652999997138977, 0.6499999761581421, 0.6399999856948853, 0.6470000147819519, 0.6470000147819519, 0.6669999957084656, 0.6729999780654907, 0.6729999780654907, 0.6679999828338623, 0.6589999794960022, 0.656000018119812, 0.6520000100135803, 0.6520000100135803, 0.6539999842643738, 0.6470000147819519, 0.6380000114440918, 0.6320000290870667, 0.6299999952316284, 0.6259999871253967, 0.6259999871253967, 0.625, 0.6269999742507935, 0.628000020980835, 0.628000020980835, 0.6190000176429749, 0.6150000095367432, 0.5920000076293945, 0.5680000185966492, 0.5490000247955322, 0.5429999828338623, 0.5379999876022339, 0.5410000085830688, 0.5440000295639038, 0.5389999747276306, 0.5379999876022339, 0.5479999780654907, 0.550000011920929, 0.5519999861717224, 0.5630000233650208, 0.5630000233650208, 0.5569999814033508, 0.550000011920929, 0.5450000166893005, 0.5389999747276306, 0.5379999876022339, 0.5429999828338623, 0.546999990940094, 0.546999990940094, 0.5490000247955322, 0.5559999942779541, 0.5580000281333923, 0.5580000281333923, 0.5540000200271606, 0.5509999990463257, 0.5479999780654907, 0.5490000247955322, 0.5559999942779541, 0.550000011920929, 0.5509999990463257, 0.5479999780654907, 0.5440000295639038, 0.5400000214576721, 0.5379999876022339, 0.5379999876022339, 0.5419999957084656, 0.5419999957084656, 0.5400000214576721, 0.5379999876022339, 0.5379999876022339, 0.5379999876022339, 0.5370000004768372, 0.5370000004768372, 0.5419999957084656, 0.5429999828338623, 0.5440000295639038, 0.5429999828338623, 0.5289999842643738, 0.5339999794960022, 0.5360000133514404, 0.5370000004768372, 0.5350000262260437, 0.5350000262260437, 0.5360000133514404, 0.5460000038146973, 0.5460000038146973, 0.5450000166893005, 0.5450000166893005, 0.546999990940094, 0.5519999861717224, 0.5569999814033508, 0.5569999814033508, 0.5580000281333923, 0.5680000185966492, 0.5720000267028809, 0.5680000185966492, 0.5669999718666077, 0.5630000233650208, 0.5609999895095825, 0.5640000104904175, 0.5619999766349792, 0.5680000185966492, 0.5680000185966492, 0.5690000057220459, 0.5690000057220459, 0.5849999785423279, 0.5920000076293945, 0.6520000100135803, 0.7049999833106995, 0.6169999837875366, 3.2260000705718994, 3.2260000705718994, 3.2360000610351562, 3.236999988555908, 3.236999988555908, 3.240000009536743, 3.240000009536743, 3.240000009536743, 3.249000072479248, 3.253000020980835, 3.253999948501587, 3.25600004196167, 3.259000062942505, 3.25600004196167, 3.25600004196167, 3.26200008392334, 3.2690000534057617, 3.265000104904175, 3.2639999389648438, 3.265000104904175, 3.2809998989105225, 3.2850000858306885, 3.2829999923706055, 3.2690000534057617, 3.194000005722046, 3.1070001125335693, 3.071000099182129, 3.0769999027252197, 3.1449999809265137, 3.3459999561309814, 3.3440001010894775, 11.065999984741211, 11.065999984741211, 11.08899974822998, 11.081000328063965, 11.097000122070312, 11.11400032043457, 11.128000259399414, 11.140000343322754, 11.147000312805176, 11.175000190734863, 11.178999900817871, 11.20199966430664, 11.199999809265137, 11.21399974822998, 11.25, 11.260000228881836, 11.267000198364258, 11.291000366210938, 11.310999870300293, 11.312000274658203, 11.33899974822998, 11.359999656677246, 11.378999710083008, 11.38700008392334, 11.416999816894531, 11.430999755859375, 11.449000358581543, 11.461000442504883, 11.470000267028809, 11.432000160217285, 11.321999549865723, 11.258999824523926, 11.255000114440918, 11.26099967956543, 11.272000312805176, 11.279000282287598, 65.53299713134766, 65.53299713134766, 65.53299713134766, 65.53299713134766, 65.53299713134766, 65.53299713134766, 65.53299713134766, 65.53299713134766, 65.53299713134766, 65.53299713134766, 65.53299713134766, 65.53299713134766, 65.53299713134766, 65.53299713134766, 65.53299713134766, 65.53299713134766, 65.53299713134766, 65.53299713134766, 65.53299713134766, 65.53299713134766, 65.53299713134766, 65.53299713134766, 65.53299713134766, 3.937000036239624, 3.937000036239624, 3.9159998893737793, 3.9030001163482666, 3.8949999809265137, 3.9079999923706055, 3.9210000038146973, 3.930999994277954, 3.9509999752044678, 3.9609999656677246, 3.9700000286102295, 3.992000102996826, 3.990999937057495, 4.001999855041504, 4.008999824523926, 4.0229997634887695, 4.033999919891357, 4.039999961853027, 4.063000202178955, 4.076000213623047, 4.085000038146973, 4.105999946594238, 4.11299991607666, 4.118000030517578, 4.135000228881836, 4.144999980926514, 4.171000003814697, 4.176000118255615, 4.184999942779541, 4.199999809265137, 4.211999893188477, 4.223999977111816, 4.2270002365112305, 4.211999893188477, 4.211999893188477, 65.53299713134766, 65.53299713134766, 65.53299713134766, 65.53299713134766, 65.53299713134766, 65.53299713134766, 65.53299713134766, 65.53299713134766, 65.53299713134766, 65.53299713134766, 65.53299713134766, 65.53299713134766, 65.53299713134766, 65.53299713134766, 65.53299713134766, 65.53299713134766, 65.53299713134766, 65.53299713134766, 65.53299713134766, 65.53299713134766, 65.53299713134766, 65.53299713134766, 65.53299713134766, 4.698999881744385, 4.698999881744385, 4.698999881744385, 4.729000091552734, 4.752999782562256, 4.76200008392334, 4.793000221252441, 4.814000129699707, 4.828000068664551, 4.8470001220703125, 4.870999813079834, 4.890999794006348, 4.921000003814697, 4.934000015258789, 4.966000080108643, 4.9770002365112305, 5.0, 5.034999847412109, 5.050000190734863, 5.052000045776367, 5.048999786376953, 5.0320000648498535, 5.01200008392334, 3.3929998874664307, 3.3919999599456787, 3.4030001163482666, 3.4619998931884766, 3.4649999141693115, 3.4809999465942383, 3.494999885559082, 3.5280001163482666, 3.546999931335449, 3.562999963760376, 3.5840001106262207, 3.5910000801086426, 3.5969998836517334, 3.625, 3.6519999504089355, 3.686000108718872, 3.6670000553131104, 3.697999954223633, 4.669000148773193, 4.6579999923706055, 4.64900016784668, 4.636000156402588, 4.603000164031982, 4.34499979019165, 4.364999771118164, 4.474999904632568, 4.551000118255615, 4.557000160217285, 4.546000003814697, 4.5370001792907715, 4.520999908447266, 4.502999782562256, 4.492000102996826, 2.9579999446868896, 2.989000082015991, 2.9779999256134033, 2.9730000495910645, 2.9730000495910645, 2.989000082015991, 3.013000011444092, 3.0260000228881836, 3.0339999198913574, 3.0190000534057617, 3.0460000038146973, 3.0789999961853027, 3.1459999084472656, 3.2070000171661377, 3.2190001010894775, 3.26200008392334, 3.2780001163482666, 3.305000066757202, 3.322999954223633, 3.3540000915527344, 3.371999979019165, 3.3949999809265137, 3.431999921798706, 3.447999954223633, 3.4760000705718994, 3.509999990463257, 3.5369999408721924, 3.552000045776367, 3.6089999675750732, 3.63700008392334, 3.6530001163482666, 3.688999891281128, 3.7149999141693115, 3.75, 3.7730000019073486, 3.803999900817871, 3.8289999961853027, 3.8540000915527344, 3.86299991607666, 3.496999979019165, 3.0840001106262207, 3.0759999752044678, 3.0999999046325684, 3.1080000400543213, 3.0959999561309814, 3.0840001106262207, 3.0789999961853027, 3.068000078201294, 3.0420000553131104, 3.0450000762939453, 3.053999900817871, 3.0859999656677246, 3.062999963760376, 3.069999933242798, 3.062000036239624, 3.063999891281128, 3.071000099182129, 3.069000005722046, 3.053999900817871, 3.046999931335449, 3.0450000762939453, 3.0420000553131104, 3.0369999408721924, 3.0369999408721924, 3.0369999408721924, 3.0269999504089355, 3.0, 2.938999891281128, 2.930000066757202, 2.9660000801086426, 3.2170000076293945, 3.871000051498413, 3.86899995803833, 3.884000062942505, 3.884000062942505, 3.882999897003174, 3.869999885559082, 3.865999937057495, 3.8519999980926514, 3.8480000495910645, 3.8529999256134033, 3.8429999351501465, 3.8359999656677246, 3.8310000896453857, 3.819000005722046, 3.819999933242798, 3.819999933242798, 3.816999912261963, 3.819999933242798, 3.816999912261963, 3.809000015258789, 3.7990000247955322, 3.7950000762939453, 3.7960000038146973, 3.7920000553131104, 3.7890000343322754, 3.7880001068115234, 3.756999969482422, 3.750999927520752, 3.7269999980926514, 3.7109999656677246, 3.7230000495910645, 3.747999906539917, 3.757999897003174, 3.7739999294281006, 3.7709999084472656, 3.7709999084472656, 3.7709999084472656, 3.76200008392334, 3.7639999389648438, 3.765000104904175, 3.7679998874664307, 3.7720000743865967, 3.7669999599456787, 3.753999948501587, 3.75, 3.746999979019165, 3.75, 3.746999979019165, 3.746999979019165, 3.747999906539917, 3.6640000343322754, 3.2869999408721924, 3.24399995803833, 3.2060000896453857, 3.178999900817871, 3.3610000610351562, 3.3610000610351562, 3.7170000076293945, 3.7209999561309814, 3.7249999046325684, 3.7260000705718994, 3.7239999771118164, 3.691999912261963, 3.2950000762939453, 3.2360000610351562, 3.2360000610351562, 3.4019999504089355, 3.4019999504089355, 3.4059998989105225, 3.375999927520752, 3.3420000076293945, 2.3320000171661377, 2.240000009536743, 2.242000102996826, 2.2279999256134033, 2.2309999465942383, 2.2300000190734863, 2.246999979019165, 2.36299991607666, 2.6649999618530273, 3.7309999465942383, 3.7309999465942383, 2.078000068664551, 1.9739999771118164, 1.940999984741211, 1.9010000228881836, 1.8880000114440918, 1.8849999904632568, 1.8730000257492065, 1.850000023841858, 1.0240000486373901, 0.902999997138977, 0.8849999904632568, 0.878000020980835, 0.8759999871253967, 0.8650000095367432, 0.8690000176429749, 0.8669999837875366, 0.8759999871253967, 0.8690000176429749, 0.8799999952316284, 0.8759999871253967, 0.8759999871253967, 0.8809999823570251, 0.8799999952316284, 0.8799999952316284, 0.8849999904632568, 0.8799999952316284, 0.8849999904632568, 0.8899999856948853, 0.890999972820282, 0.8920000195503235, 0.890999972820282, 0.8939999938011169, 0.8970000147819519, 0.8989999890327454, 0.8980000019073486, 0.8930000066757202, 0.8889999985694885, 0.8989999890327454, 0.8999999761581421, 0.8970000147819519, 0.9010000228881836, 0.9129999876022339, 0.9139999747276306, 0.9139999747276306, 0.9089999794960022, 0.9110000133514404, 0.906000018119812, 0.9070000052452087, 0.9089999794960022, 0.9160000085830688, 0.9240000247955322, 0.9269999861717224, 0.9160000085830688, 0.9139999747276306, 0.9150000214576721, 0.9120000004768372, 0.9049999713897705, 0.8989999890327454, 0.8960000276565552, 0.8960000276565552, 0.8849999904632568, 0.9010000228881836, 0.8920000195503235, 0.8930000066757202, 0.9049999713897705, 0.9100000262260437, 0.9100000262260437, 0.9169999957084656, 0.9340000152587891, 0.9570000171661377, 0.9639999866485596, 0.9829999804496765, 0.9850000143051147, 0.9919999837875366, 0.9980000257492065, 0.9959999918937683, 0.9929999709129333, 1.0069999694824219, 1.0080000162124634, 1.0099999904632568, 1.0110000371932983, 1.0110000371932983, 1.0240000486373901, 1.027999997138977, 1.027999997138977]
intensities: [517.0, 538.0, 534.0, 524.0, 519.0, 510.0, 533.0, 526.0, 525.0, 525.0, 500.0, 536.0, 545.0, 592.0, 612.0, 683.0, 799.0, 867.0, 892.0, 937.0, 956.0, 992.0, 1082.0, 1119.0, 1126.0, 1164.0, 1167.0, 1172.0, 1216.0, 1216.0, 1251.0, 1251.0, 1254.0, 1276.0, 1276.0, 1322.0, 1325.0, 1382.0, 1390.0, 1384.0, 1368.0, 1373.0, 1380.0, 1366.0, 1359.0, 1375.0, 1373.0, 1372.0, 1384.0, 1414.0, 1386.0, 1382.0, 1388.0, 1386.0, 1337.0, 1333.0, 1319.0, 1171.0, 1150.0, 1116.0, 1099.0, 990.0, 849.0, 703.0, 794.0, 965.0, 1027.0, 1052.0, 1094.0, 1093.0, 1106.0, 1104.0, 1116.0, 1111.0, 1106.0, 1105.0, 1102.0, 1100.0, 1104.0, 1111.0, 1100.0, 1118.0, 1129.0, 1138.0, 1138.0, 1186.0, 1248.0, 1261.0, 1294.0, 1281.0, 1297.0, 1292.0, 1315.0, 1308.0, 1308.0, 1303.0, 1294.0, 1307.0, 1291.0, 1283.0, 1288.0, 1303.0, 1280.0, 1264.0, 1263.0, 1272.0, 1262.0, 1248.0, 1234.0, 1234.0, 1233.0, 1221.0, 1219.0, 1242.0, 1238.0, 1275.0, 1275.0, 1315.0, 1206.0, 1267.0, 899.0, 447.0, 391.0, 383.0, 372.0, 399.0, 491.0, 749.0, 823.0, 802.0, 798.0, 804.0, 793.0, 808.0, 799.0, 791.0, 787.0, 781.0, 787.0, 792.0, 799.0, 800.0, 788.0, 780.0, 783.0, 783.0, 778.0, 785.0, 785.0, 768.0, 765.0, 768.0, 771.0, 763.0, 764.0, 764.0, 776.0, 792.0, 792.0, 792.0, 787.0, 790.0, 807.0, 727.0, 727.0, 747.0, 757.0, 756.0, 715.0, 688.0, 688.0, 690.0, 688.0, 689.0, 685.0, 686.0, 686.0, 710.0, 750.0, 698.0, 707.0, 719.0, 693.0, 693.0, 669.0, 598.0, 579.0, 540.0, 541.0, 344.0, 199.0, 199.0, 467.0, 597.0, 597.0, 574.0, 552.0, 692.0, 759.0, 760.0, 781.0, 792.0, 786.0, 779.0, 779.0, 778.0, 782.0, 773.0, 779.0, 755.0, 760.0, 751.0, 742.0, 760.0, 746.0, 732.0, 734.0, 731.0, 727.0, 725.0, 716.0, 714.0, 714.0, 702.0, 693.0, 694.0, 686.0, 682.0, 671.0, 674.0, 661.0, 663.0, 653.0, 647.0, 634.0, 626.0, 620.0, 612.0, 603.0, 600.0, 600.0, 592.0, 591.0, 592.0, 586.0, 579.0, 584.0, 578.0, 566.0, 564.0, 557.0, 548.0, 549.0, 547.0, 540.0, 535.0, 532.0, 517.0, 521.0, 506.0, 510.0, 503.0, 501.0, 500.0, 486.0, 485.0, 475.0, 467.0, 463.0, 463.0, 453.0, 451.0, 455.0, 455.0, 439.0, 431.0, 431.0, 426.0, 421.0, 398.0, 391.0, 384.0, 376.0, 379.0, 363.0, 356.0, 345.0, 327.0, 361.0, 336.0, 290.0, 304.0, 313.0, 295.0, 292.0, 287.0, 219.0, 518.0, 512.0, 524.0, 515.0, 527.0, 501.0, 485.0, 468.0, 468.0, 470.0, 482.0, 482.0, 505.0, 500.0, 542.0, 584.0, 612.0, 647.0, 793.0, 1057.0, 1110.0, 1117.0, 1115.0, 1131.0, 1100.0, 1166.0, 1129.0, 1129.0, 1130.0, 1116.0, 1133.0, 1139.0, 1119.0, 1122.0, 1129.0, 1136.0, 1136.0, 1135.0, 1130.0, 1130.0, 1137.0, 1137.0, 1138.0, 1140.0, 1133.0, 1130.0, 1141.0, 1133.0, 1109.0, 1112.0, 1112.0, 1129.0, 1133.0, 1133.0, 1134.0, 1130.0, 1139.0, 1138.0, 1137.0, 1135.0, 1123.0, 1130.0, 1116.0, 1117.0, 1129.0, 1125.0, 1125.0, 1104.0, 1123.0, 1123.0, 1103.0, 1120.0, 1120.0, 1118.0, 1116.0, 1115.0, 1113.0, 1114.0, 1112.0, 1104.0, 1107.0, 1104.0, 1104.0, 1103.0, 1104.0, 1081.0, 1089.0, 1095.0, 1097.0, 1089.0, 1095.0, 1094.0, 1094.0, 1089.0, 1089.0, 1087.0, 1096.0, 1080.0, 1088.0, 1086.0, 1083.0, 1091.0, 1092.0, 1092.0, 1092.0, 1092.0, 1076.0, 1091.0, 1104.0, 1101.0, 1084.0, 1104.0, 1101.0, 1093.0, 1096.0, 1100.0, 1097.0, 1105.0, 1102.0, 1101.0, 1089.0, 1107.0, 1093.0, 1105.0, 1095.0, 1090.0, 1103.0, 1108.0, 1096.0, 1097.0, 1099.0, 1096.0, 1093.0, 1093.0, 1090.0, 1081.0, 1108.0, 1099.0, 1096.0, 1097.0, 1088.0, 1075.0, 1083.0, 1097.0, 1088.0, 1075.0, 1077.0, 1080.0, 1081.0, 1076.0, 1072.0, 1077.0, 1082.0, 1086.0, 1088.0, 1103.0, 1097.0, 1097.0, 1093.0, 1070.0, 1028.0, 927.0, 851.0, 880.0, 1004.0, 1077.0, 1087.0, 1101.0, 1098.0, 1110.0, 1118.0, 1111.0, 1114.0, 1124.0, 1130.0, 1127.0, 1100.0, 1102.0, 1106.0, 1107.0, 1121.0, 1097.0, 1142.0, 1288.0, 1406.0, 1400.0, 1340.0, 1180.0, 1115.0, 1168.0, 1209.0, 1362.0, 1362.0, 1458.0, 1633.0, 1652.0, 1679.0, 1686.0, 1667.0, 1590.0, 1462.0, 1539.0, 1562.0, 1562.0, 1453.0, 1471.0, 1525.0, 1578.0, 1736.0, 1799.0, 1745.0, 1933.0, 1918.0, 1780.0, 1709.0, 1649.0, 1602.0, 1646.0, 1681.0, 1630.0, 1630.0, 1394.0, 1368.0, 1375.0, 1397.0, 1418.0, 1438.0, 1467.0, 1455.0, 1440.0, 1290.0, 1297.0, 1268.0, 1258.0, 1242.0, 1145.0, 1146.0, 1146.0, 1302.0, 1356.0, 1369.0, 1434.0, 1483.0, 1506.0, 1544.0, 1489.0, 1447.0, 1467.0, 1476.0, 1485.0, 1485.0, 1407.0, 1408.0, 1412.0, 1415.0, 1420.0, 1416.0, 1386.0, 1401.0, 1391.0, 1565.0, 1780.0, 1979.0, 1978.0, 2020.0, 2028.0, 2017.0, 1975.0, 1871.0, 1743.0, 1566.0, 1517.0, 1471.0, 1521.0, 1525.0, 1626.0, 1733.0, 1741.0, 1801.0, 1916.0, 1959.0, 1964.0, 1899.0, 1844.0, 1841.0, 1816.0, 1746.0, 1700.0, 1684.0, 1752.0, 1753.0, 1790.0, 1810.0, 1803.0, 1812.0, 1795.0, 1795.0, 1784.0, 1784.0, 1785.0, 1785.0, 1785.0, 1843.0, 1794.0, 1679.0, 1707.0, 1629.0, 1575.0, 1549.0, 1568.0, 1635.0, 1646.0, 1628.0, 1579.0, 1498.0, 1512.0, 1449.0, 1449.0, 1421.0, 1434.0, 1431.0, 1430.0, 1411.0, 1392.0, 1373.0, 1344.0, 1318.0, 1292.0, 1277.0, 1224.0, 1167.0, 1168.0, 1119.0, 1104.0, 1082.0, 1097.0, 1097.0, 1121.0, 1100.0, 1487.0, 1404.0, 587.0, 959.0, 959.0, 968.0, 970.0, 969.0, 977.0, 977.0, 974.0, 976.0, 975.0, 970.0, 969.0, 974.0, 971.0, 971.0, 967.0, 976.0, 973.0, 973.0, 973.0, 973.0, 972.0, 974.0, 953.0, 889.0, 857.0, 852.0, 847.0, 723.0, 615.0, 555.0, 480.0, 480.0, 525.0, 526.0, 539.0, 539.0, 528.0, 541.0, 534.0, 536.0, 531.0, 535.0, 528.0, 520.0, 528.0, 524.0, 530.0, 531.0, 538.0, 527.0, 514.0, 512.0, 516.0, 517.0, 523.0, 524.0, 510.0, 512.0, 523.0, 528.0, 550.0, 591.0, 598.0, 573.0, 501.0, 442.0, 0.0, 0.0, 0.0, 0.0, 0.0, 0.0, 0.0, 0.0, 0.0, 0.0, 0.0, 0.0, 0.0, 0.0, 0.0, 0.0, 0.0, 0.0, 0.0, 0.0, 0.0, 0.0, 0.0, 734.0, 734.0, 808.0, 870.0, 862.0, 879.0, 878.0, 868.0, 881.0, 880.0, 867.0, 877.0, 869.0, 874.0, 874.0, 872.0, 870.0, 871.0, 871.0, 867.0, 864.0, 872.0, 861.0, 861.0, 872.0, 874.0, 868.0, 862.0, 869.0, 860.0, 863.0, 847.0, 835.0, 731.0, 731.0, 0.0, 0.0, 0.0, 0.0, 0.0, 0.0, 0.0, 0.0, 0.0, 0.0, 0.0, 0.0, 0.0, 0.0, 0.0, 0.0, 0.0, 0.0, 0.0, 0.0, 0.0, 0.0, 0.0, 776.0, 776.0, 776.0, 814.0, 807.0, 812.0, 809.0, 814.0, 814.0, 813.0, 811.0, 809.0, 809.0, 806.0, 799.0, 788.0, 787.0, 791.0, 810.0, 816.0, 826.0, 816.0, 768.0, 598.0, 593.0, 536.0, 538.0, 534.0, 539.0, 544.0, 539.0, 536.0, 529.0, 531.0, 532.0, 535.0, 542.0, 542.0, 568.0, 514.0, 514.0, 726.0, 597.0, 571.0, 552.0, 534.0, 421.0, 568.0, 679.0, 776.0, 822.0, 828.0, 830.0, 836.0, 837.0, 838.0, 210.0, 663.0, 677.0, 687.0, 687.0, 689.0, 682.0, 662.0, 665.0, 619.0, 617.0, 606.0, 741.0, 883.0, 895.0, 893.0, 880.0, 891.0, 880.0, 865.0, 852.0, 852.0, 856.0, 845.0, 840.0, 842.0, 840.0, 827.0, 836.0, 833.0, 815.0, 822.0, 816.0, 798.0, 785.0, 769.0, 759.0, 742.0, 737.0, 911.0, 603.0, 650.0, 728.0, 873.0, 876.0, 865.0, 870.0, 857.0, 826.0, 837.0, 877.0, 963.0, 924.0, 970.0, 962.0, 974.0, 991.0, 992.0, 989.0, 997.0, 990.0, 996.0, 1010.0, 1011.0, 1016.0, 1010.0, 983.0, 868.0, 854.0, 850.0, 1063.0, 992.0, 914.0, 912.0, 911.0, 908.0, 905.0, 918.0, 904.0, 926.0, 928.0, 931.0, 926.0, 929.0, 931.0, 937.0, 937.0, 926.0, 935.0, 927.0, 932.0, 938.0, 930.0, 941.0, 926.0, 920.0, 916.0, 873.0, 875.0, 888.0, 875.0, 870.0, 888.0, 903.0, 923.0, 917.0, 913.0, 913.0, 931.0, 937.0, 924.0, 918.0, 923.0, 919.0, 909.0, 920.0, 924.0, 924.0, 917.0, 916.0, 926.0, 884.0, 491.0, 484.0, 468.0, 472.0, 1051.0, 1051.0, 914.0, 910.0, 912.0, 916.0, 917.0, 930.0, 1105.0, 1136.0, 1136.0, 992.0, 953.0, 941.0, 915.0, 912.0, 1120.0, 972.0, 989.0, 1065.0, 1086.0, 996.0, 962.0, 1258.0, 1377.0, 875.0, 875.0, 1239.0, 1076.0, 1104.0, 1110.0, 1129.0, 1130.0, 1120.0, 1111.0, 1302.0, 957.0, 968.0, 1041.0, 1027.0, 917.0, 888.0, 899.0, 1001.0, 1168.0, 1313.0, 1314.0, 1314.0, 1328.0, 1318.0, 1308.0, 1308.0, 1308.0, 1307.0, 1309.0, 1305.0, 1308.0, 1307.0, 1311.0, 1310.0, 1305.0, 1305.0, 1293.0, 1294.0, 1302.0, 1304.0, 1302.0, 1299.0, 1295.0, 1299.0, 1300.0, 1297.0, 1297.0, 1294.0, 1306.0, 1289.0, 1297.0, 1288.0, 1297.0, 1298.0, 1299.0, 1300.0, 1303.0, 1289.0, 1309.0, 1308.0, 1308.0, 1311.0, 1304.0, 1306.0, 1305.0, 1297.0, 1292.0, 1292.0, 1297.0, 1284.0, 1279.0, 1269.0, 1267.0, 1261.0, 1253.0, 1239.0, 1249.0, 1260.0, 1254.0, 1245.0, 1233.0, 1231.0, 1231.0, 1219.0, 1214.0, 1214.0]