header: 
  seq: 665
  stamp: 
    secs: 1545151133
    nsecs: 962210445
  frame_id: "base_link"
angle_min: -2.35619449615
angle_max: 2.35619449615
angle_increment: 0.00436332309619
time_increment: 1.73611151695e-05
scan_time: 0.0250000003725
range_min: 0.019999999553
range_max: 30.0
ranges: [0.13699999451637268, 0.13899999856948853, 0.14300000667572021, 0.14300000667572021, 0.14100000262260437, 0.16099999845027924, 0.17399999499320984, 0.19300000369548798, 0.21299999952316284, 0.23000000417232513, 0.23999999463558197, 0.2669999897480011, 0.28299999237060547, 0.3230000138282776, 0.3799999952316284, 0.42800000309944153, 0.46700000762939453, 0.5080000162124634, 0.5249999761581421, 0.5389999747276306, 0.5400000214576721, 0.5799999833106995, 0.5600000023841858, 0.5669999718666077, 0.5690000057220459, 0.5690000057220459, 0.5690000057220459, 0.5690000057220459, 0.5669999718666077, 0.5709999799728394, 0.5699999928474426, 0.5820000171661377, 0.5860000252723694, 0.5870000123977661, 0.5879999995231628, 0.5929999947547913, 0.5929999947547913, 0.5979999899864197, 0.6119999885559082, 0.6179999709129333, 0.6150000095367432, 0.6110000014305115, 0.6150000095367432, 0.6230000257492065, 0.6169999837875366, 0.6159999966621399, 0.6129999756813049, 0.6179999709129333, 0.6179999709129333, 0.6209999918937683, 0.6320000290870667, 0.6370000243186951, 0.6349999904632568, 0.6380000114440918, 0.6399999856948853, 0.6359999775886536, 0.621999979019165, 0.593999981880188, 0.5550000071525574, 0.48500001430511475, 0.45100000500679016, 0.4020000100135803, 0.3240000009536743, 0.34599998593330383, 0.29499998688697815, 0.37700000405311584, 0.3869999945163727, 0.44999998807907104, 0.492000013589859, 0.5770000219345093, 0.6359999775886536, 0.6549999713897705, 0.6809999942779541, 0.6949999928474426, 0.703000009059906, 0.703000009059906, 0.7039999961853027, 0.703000009059906, 0.703000009059906, 0.7020000219345093, 0.7009999752044678, 0.703000009059906, 0.7020000219345093, 0.7070000171661377, 0.7210000157356262, 0.7229999899864197, 0.718999981880188, 0.7429999709129333, 0.7459999918937683, 0.7459999918937683, 0.753000020980835, 0.7559999823570251, 0.7570000290870667, 0.7590000033378601, 0.765999972820282, 0.7710000276565552, 0.7739999890327454, 0.7730000019073486, 0.7739999890327454, 0.7860000133514404, 0.7879999876022339, 0.7940000295639038, 0.7960000038146973, 0.8009999990463257, 0.8029999732971191, 0.8059999942779541, 0.8180000185966492, 0.8220000267028809, 0.824999988079071, 0.8289999961853027, 0.8259999752044678, 0.8289999961853027, 0.8370000123977661, 0.8420000076293945, 0.8450000286102295, 0.8519999980926514, 0.8600000143051147, 0.8619999885559082, 0.8529999852180481, 0.8740000128746033, 0.8809999823570251, 0.8500000238418579, 0.8379999995231628, 0.843999981880188, 0.843999981880188, 0.8539999723434448, 0.843999981880188, 0.9200000166893005, 0.9020000100135803, 0.9359999895095825, 0.9169999957084656, 0.9120000004768372, 0.9070000052452087, 0.9070000052452087, 0.8840000033378601, 0.8859999775886536, 0.890999972820282, 0.8899999856948853, 0.8960000276565552, 0.9020000100135803, 0.9079999923706055, 0.9039999842643738, 0.8970000147819519, 0.8989999890327454, 0.9039999842643738, 0.9229999780654907, 0.9210000038146973, 0.9169999957084656, 0.9190000295639038, 0.9129999876022339, 0.9139999747276306, 0.9290000200271606, 0.9359999895095825, 0.9440000057220459, 0.9399999976158142, 0.9279999732971191, 0.9440000057220459, 0.9440000057220459, 0.9599999785423279, 0.9620000123977661, 0.9660000205039978, 0.9670000076293945, 0.9670000076293945, 0.9330000281333923, 0.972000002861023, 0.9760000109672546, 0.9750000238418579, 0.9750000238418579, 0.9309999942779541, 0.9470000267028809, 0.9449999928474426, 0.949999988079071, 0.949999988079071, 0.949999988079071, 0.9509999752044678, 0.949999988079071, 0.9559999704360962, 0.972000002861023, 0.9990000128746033, 0.9950000047683716, 1.0019999742507935, 1.0099999904632568, 0.9959999918937683, 0.9789999723434448, 0.9860000014305115, 0.9800000190734863, 0.972000002861023, 0.9649999737739563, 0.9739999771118164, 0.7599999904632568, 0.4659999907016754, 65.53299713134766, 65.53299713134766, 0.40799999237060547, 0.40799999237060547, 0.42800000309944153, 0.44699999690055847, 0.4359999895095825, 0.4359999895095825, 0.43799999356269836, 0.44999998807907104, 0.460999995470047, 0.46000000834465027, 0.45500001311302185, 0.4490000009536743, 0.460999995470047, 0.4650000035762787, 0.4650000035762787, 0.46799999475479126, 0.46700000762939453, 0.4690000116825104, 0.4740000069141388, 0.47200000286102295, 0.4740000069141388, 0.4749999940395355, 0.4740000069141388, 0.4749999940395355, 0.4779999852180481, 0.4749999940395355, 0.47099998593330383, 0.47699999809265137, 0.4819999933242798, 0.4869999885559082, 0.49399998784065247, 0.4950000047683716, 0.4970000088214874, 0.5009999871253967, 0.5009999871253967, 0.4909999966621399, 0.5049999952316284, 0.5009999871253967, 0.5090000033378601, 0.5, 0.4970000088214874, 0.5040000081062317, 0.5070000290870667, 0.5130000114440918, 0.5220000147819519, 0.5329999923706055, 0.5220000147819519, 0.5189999938011169, 0.5220000147819519, 0.5329999923706055, 0.5410000085830688, 0.5419999957084656, 0.5460000038146973, 0.5429999828338623, 0.5559999942779541, 0.5600000023841858, 0.5569999814033508, 0.5669999718666077, 0.5740000009536743, 0.5709999799728394, 0.5709999799728394, 0.578000009059906, 0.5830000042915344, 0.5839999914169312, 0.6010000109672546, 0.6079999804496765, 0.6079999804496765, 0.6029999852180481, 0.5979999899864197, 0.6060000061988831, 0.6119999885559082, 0.6119999885559082, 0.6179999709129333, 0.6359999775886536, 0.6399999856948853, 0.6230000257492065, 0.6179999709129333, 0.640999972820282, 0.6510000228881836, 0.6399999856948853, 0.6359999775886536, 0.6520000100135803, 0.6710000038146973, 0.6700000166893005, 0.675000011920929, 0.6790000200271606, 0.6930000185966492, 0.7089999914169312, 0.7020000219345093, 0.7080000042915344, 0.6930000185966492, 0.7149999737739563, 0.7260000109672546, 0.7310000061988831, 0.753000020980835, 0.7649999856948853, 0.7570000290870667, 0.7829999923706055, 0.8339999914169312, 0.8230000138282776, 0.8379999995231628, 1.0950000286102295, 1.1030000448226929, 1.1169999837875366, 1.156000018119812, 1.1890000104904175, 1.215999960899353, 1.253999948501587, 1.2589999437332153, 1.2769999504089355, 1.309000015258789, 1.3270000219345093, 1.3320000171661377, 1.3320000171661377, 1.3229999542236328, 1.3220000267028809, 1.3049999475479126, 1.315999984741211, 1.2660000324249268, 1.222000002861023, 1.1670000553131104, 1.1080000400543213, 1.1319999694824219, 1.1950000524520874, 1.1970000267028809, 1.2000000476837158, 1.1979999542236328, 1.2020000219345093, 1.2020000219345093, 1.2050000429153442, 1.2070000171661377, 1.2079999446868896, 1.2050000429153442, 1.2100000381469727, 1.2170000076293945, 1.215999960899353, 1.2139999866485596, 1.2139999866485596, 1.2130000591278076, 1.2209999561309814, 1.2269999980926514, 1.2230000495910645, 1.222000002861023, 1.2209999561309814, 1.218999981880188, 1.2289999723434448, 1.2350000143051147, 1.2359999418258667, 1.2350000143051147, 1.2319999933242798, 1.2419999837875366, 1.24399995803833, 1.2480000257492065, 1.2450000047683716, 1.24399995803833, 1.2489999532699585, 1.253000020980835, 1.2589999437332153, 1.2619999647140503, 1.25600004196167, 1.2589999437332153, 1.2699999809265137, 1.2699999809265137, 1.2649999856948853, 1.2649999856948853, 1.2660000324249268, 1.2669999599456787, 1.2799999713897705, 1.2790000438690186, 1.2790000438690186, 1.2790000438690186, 1.2860000133514404, 1.284999966621399, 1.2890000343322754, 1.2890000343322754, 1.2869999408721924, 1.284000039100647, 1.284000039100647, 1.281999945640564, 1.284999966621399, 1.2879999876022339, 1.284999966621399, 0.8299999833106995, 0.7609999775886536, 0.7070000171661377, 0.6740000247955322, 0.6669999957084656, 0.6179999709129333, 0.6019999980926514, 0.5889999866485596, 0.574999988079071, 0.5559999942779541, 0.5400000214576721, 0.5139999985694885, 0.49399998784065247, 0.47699999809265137, 0.47099998593330383, 0.45100000500679016, 0.4519999921321869, 0.4490000009536743, 0.4259999990463257, 0.40799999237060547, 0.4009999930858612, 0.382999986410141, 0.3540000021457672, 0.3100000023841858, 0.2750000059604645, 0.25099998712539673, 0.2370000034570694, 0.2150000035762787, 0.18700000643730164, 0.16699999570846558, 0.16099999845027924, 0.16099999845027924, 0.16099999845027924, 0.16699999570846558, 0.16599999368190765, 0.16599999368190765, 0.17100000381469727, 0.1599999964237213, 0.17299999296665192, 0.17000000178813934, 0.17299999296665192, 0.17299999296665192, 0.1679999977350235, 0.17299999296665192, 0.17299999296665192, 0.17100000381469727, 0.17299999296665192, 0.17299999296665192, 0.17000000178813934, 0.1679999977350235, 0.16200000047683716, 0.15800000727176666, 0.1589999943971634, 0.15600000321865082, 0.15600000321865082, 0.15600000321865082, 0.1550000011920929, 0.15600000321865082, 0.15700000524520874, 0.15399999916553497, 0.14900000393390656, 0.15000000596046448, 0.15299999713897705, 0.15299999713897705, 0.1509999930858612, 0.1509999930858612, 0.15600000321865082, 0.1550000011920929, 0.1550000011920929, 0.15399999916553497, 0.16300000250339508, 0.15800000727176666, 0.15399999916553497, 0.15600000321865082, 0.1589999943971634, 0.1550000011920929, 0.15299999713897705, 0.1509999930858612, 0.15000000596046448, 0.14900000393390656, 0.14800000190734863, 0.14399999380111694, 0.14399999380111694, 0.14300000667572021, 0.15199999511241913, 0.1459999978542328, 0.14300000667572021, 0.14000000059604645, 0.14100000262260437, 0.14300000667572021, 0.15000000596046448, 0.15000000596046448, 0.1469999998807907, 0.15000000596046448, 0.1469999998807907, 0.15600000321865082, 0.15600000321865082, 0.1509999930858612, 0.15000000596046448, 0.1509999930858612, 0.14800000190734863, 0.14300000667572021, 0.14900000393390656, 0.1550000011920929, 0.1550000011920929, 0.15399999916553497, 0.15299999713897705, 0.15299999713897705, 0.16200000047683716, 0.15600000321865082, 0.15299999713897705, 0.1469999998807907, 0.15000000596046448, 0.15000000596046448, 0.14300000667572021, 0.14300000667572021, 0.14800000190734863, 0.15299999713897705, 0.14499999582767487, 0.1379999965429306, 0.1379999965429306, 0.14000000059604645, 0.14100000262260437, 0.14000000059604645, 0.14000000059604645, 0.13500000536441803, 0.12999999523162842, 0.13199999928474426, 0.13199999928474426, 0.13300000131130219, 0.13600000739097595, 0.13199999928474426, 0.13099999725818634, 0.13099999725818634, 0.12800000607967377, 0.12800000607967377, 0.13199999928474426, 0.13099999725818634, 0.12800000607967377, 0.1289999932050705, 0.13300000131130219, 0.13699999451637268, 0.13099999725818634, 0.12300000339746475, 0.12399999797344208, 0.12399999797344208, 0.12800000607967377, 0.13199999928474426, 0.1289999932050705, 0.12700000405311584, 0.12800000607967377, 0.1379999965429306, 0.13099999725818634, 0.13199999928474426, 0.12999999523162842, 0.13199999928474426, 0.1289999932050705, 0.13099999725818634, 0.13199999928474426, 0.13699999451637268, 0.14000000059604645, 0.13899999856948853, 0.13699999451637268, 0.1379999965429306, 0.14100000262260437, 0.14100000262260437, 0.13199999928474426, 0.13199999928474426, 0.13199999928474426, 0.13899999856948853, 0.14000000059604645, 0.14000000059604645, 0.12999999523162842, 0.12999999523162842, 0.12600000202655792, 0.12399999797344208, 0.12399999797344208, 0.12700000405311584, 0.12700000405311584, 0.125, 0.11599999666213989, 0.12399999797344208, 0.11900000274181366, 0.12300000339746475, 0.12099999934434891, 0.125, 0.12999999523162842, 0.12700000405311584, 0.125, 0.13099999725818634, 0.1379999965429306, 0.1469999998807907, 0.14000000059604645, 0.1340000033378601, 0.1289999932050705, 0.13500000536441803, 0.13300000131130219, 0.125, 0.1289999932050705, 0.1379999965429306, 0.14300000667572021, 0.1469999998807907, 0.15199999511241913, 0.1599999964237213, 0.1599999964237213, 0.16699999570846558, 0.1679999977350235, 0.1679999977350235, 0.16200000047683716, 0.15399999916553497, 0.15299999713897705, 0.1509999930858612, 0.15399999916553497, 0.15800000727176666, 0.1770000010728836, 0.17499999701976776, 0.17499999701976776, 0.18299999833106995, 0.18799999356269836, 0.1860000044107437, 0.1889999955892563, 0.1979999989271164, 0.21199999749660492, 0.21799999475479126, 0.2409999966621399, 0.25999999046325684, 0.28600001335144043, 0.3240000009536743, 0.3569999933242798, 0.40700000524520874, 0.4390000104904175, 0.4390000104904175, 0.4449999928474426, 0.45399999618530273, 0.46000000834465027, 0.4580000042915344, 0.46000000834465027, 0.460999995470047, 0.46299999952316284, 0.46399998664855957, 0.4650000035762787, 0.47699999809265137, 0.4729999899864197, 0.4779999852180481, 0.47600001096725464, 0.4819999933242798, 0.48100000619888306, 0.49300000071525574, 0.4860000014305115, 0.4950000047683716, 0.4950000047683716, 0.4950000047683716, 0.49300000071525574, 0.5009999871253967, 0.5, 0.4959999918937683, 0.5109999775886536, 0.5249999761581421, 0.6010000109672546, 0.609000027179718, 3.2209999561309814, 3.2249999046325684, 3.2249999046325684, 3.2269999980926514, 3.234999895095825, 3.2330000400543213, 3.2320001125335693, 3.2360000610351562, 3.244999885559082, 3.243000030517578, 3.246000051498413, 3.247999906539917, 3.252000093460083, 3.253999948501587, 3.255000114440918, 3.25600004196167, 3.259999990463257, 3.25600004196167, 3.263000011444092, 3.26200008392334, 3.263000011444092, 3.2679998874664307, 3.2760000228881836, 3.2769999504089355, 3.2730000019073486, 3.2739999294281006, 3.2690000534057617, 3.2690000534057617, 3.191999912261963, 3.115999937057495, 3.0820000171661377, 3.0910000801086426, 3.127000093460083, 3.3469998836517334, 3.3399999141693115, 11.02299976348877, 11.076000213623047, 11.083000183105469, 11.085000038146973, 11.102999687194824, 11.109000205993652, 11.133000373840332, 11.130999565124512, 11.144000053405762, 11.168000221252441, 11.178000450134277, 11.199999809265137, 11.215999603271484, 11.23900032043457, 11.244000434875488, 11.270999908447266, 11.270999908447266, 11.276000022888184, 11.3100004196167, 11.322999954223633, 11.347000122070312, 11.37399959564209, 11.380000114440918, 11.395999908447266, 11.407999992370605, 11.420000076293945, 11.435999870300293, 11.454999923706055, 11.454999923706055, 11.425000190734863, 11.312000274658203, 11.263999938964844, 11.251999855041504, 11.26200008392334, 11.26200008392334, 11.312999725341797, 65.53299713134766, 65.53299713134766, 65.53299713134766, 65.53299713134766, 65.53299713134766, 65.53299713134766, 65.53299713134766, 65.53299713134766, 65.53299713134766, 65.53299713134766, 65.53299713134766, 65.53299713134766, 65.53299713134766, 65.53299713134766, 65.53299713134766, 65.53299713134766, 65.53299713134766, 65.53299713134766, 65.53299713134766, 65.53299713134766, 65.53299713134766, 65.53299713134766, 65.53299713134766, 3.934999942779541, 3.934999942779541, 3.924999952316284, 3.9030001163482666, 3.9130001068115234, 3.9100000858306885, 3.9240000247955322, 3.927999973297119, 3.946000099182129, 3.9679999351501465, 3.9760000705718994, 3.9779999256134033, 3.990999937057495, 4.004000186920166, 4.013999938964844, 4.0229997634887695, 4.033999919891357, 4.051000118255615, 4.057000160217285, 4.073999881744385, 4.072999954223633, 4.0929999351501465, 4.1020002365112305, 4.116000175476074, 4.13700008392334, 4.146999835968018, 4.169000148773193, 4.177999973297119, 4.185999870300293, 4.203000068664551, 4.2210001945495605, 4.228000164031982, 4.224999904632568, 4.202000141143799, 4.202000141143799, 65.53299713134766, 65.53299713134766, 65.53299713134766, 65.53299713134766, 65.53299713134766, 65.53299713134766, 65.53299713134766, 65.53299713134766, 65.53299713134766, 65.53299713134766, 65.53299713134766, 65.53299713134766, 65.53299713134766, 65.53299713134766, 65.53299713134766, 65.53299713134766, 65.53299713134766, 65.53299713134766, 65.53299713134766, 65.53299713134766, 65.53299713134766, 65.53299713134766, 65.53299713134766, 4.692999839782715, 4.710000038146973, 4.723999977111816, 4.724999904632568, 4.741000175476074, 4.758999824523926, 4.7870001792907715, 4.808000087738037, 4.831999778747559, 4.849999904632568, 4.875999927520752, 4.9029998779296875, 4.910999774932861, 4.940000057220459, 4.958000183105469, 4.98199987411499, 5.005000114440918, 5.035999774932861, 5.043000221252441, 5.047999858856201, 5.040999889373779, 5.026000022888184, 5.002999782562256, 3.3940000534057617, 3.3970000743865967, 3.4049999713897705, 3.4539999961853027, 3.4609999656677246, 3.4820001125335693, 3.490000009536743, 3.503999948501587, 3.5179998874664307, 3.559000015258789, 3.5829999446868896, 3.5859999656677246, 3.621999979019165, 3.635999917984009, 3.6500000953674316, 3.6700000762939453, 3.690000057220459, 3.7100000381469727, 4.263000011444092, 4.670000076293945, 4.650000095367432, 4.617000102996826, 4.609000205993652, 4.5, 4.373000144958496, 4.4670000076293945, 4.560999870300293, 4.559000015258789, 4.550000190734863, 4.53000020980835, 4.515999794006348, 4.488999843597412, 4.480999946594238, 2.930999994277954, 2.994999885559082, 2.9760000705718994, 2.9660000801086426, 2.9830000400543213, 3.006999969482422, 3.0160000324249268, 3.0269999504089355, 3.0420000553131104, 3.046999931335449, 3.049999952316284, 3.0889999866485596, 3.1500000953674316, 3.2109999656677246, 3.234999895095825, 3.256999969482422, 3.2679998874664307, 3.296999931335449, 3.318000078201294, 3.3480000495910645, 3.371000051498413, 3.4019999504089355, 3.4260001182556152, 3.447000026702881, 3.4730000495910645, 3.509000062942505, 3.552000045776367, 3.569999933242798, 3.5969998836517334, 3.631999969482422, 3.6540000438690186, 3.684000015258789, 3.7200000286102295, 3.746000051498413, 3.7760000228881836, 3.796999931335449, 3.819000005722046, 3.86299991607666, 3.872999906539917, 3.4790000915527344, 3.061000108718872, 3.0829999446868896, 3.0869998931884766, 3.118000030517578, 3.1010000705718994, 3.0999999046325684, 3.0789999961853027, 3.063999891281128, 3.049999952316284, 3.0490000247955322, 3.0329999923706055, 3.0799999237060547, 3.0910000801086426, 3.0739998817443848, 3.062999963760376, 3.062999963760376, 3.063999891281128, 3.059000015258789, 3.0510001182556152, 3.0490000247955322, 3.0429999828338623, 3.0420000553131104, 3.0409998893737793, 3.0439999103546143, 3.0320000648498535, 3.0269999504089355, 3.0139999389648438, 2.937000036239624, 2.9130001068115234, 2.9719998836517334, 3.2209999561309814, 3.861999988555908, 3.86899995803833, 3.86899995803833, 3.877000093460083, 3.871000051498413, 3.875999927520752, 3.867000102996826, 3.8519999980926514, 3.8469998836517334, 3.8369998931884766, 3.8329999446868896, 3.8350000381469727, 3.828000068664551, 3.828000068664551, 3.822000026702881, 3.815000057220459, 3.815999984741211, 3.812000036239624, 3.806999921798706, 3.803999900817871, 3.7980000972747803, 3.796999931335449, 3.7939999103546143, 3.7929999828338623, 3.7909998893737793, 3.7820000648498535, 3.7639999389648438, 3.743000030517578, 3.7330000400543213, 3.7170000076293945, 3.7269999980926514, 3.76200008392334, 3.7750000953674316, 3.7750000953674316, 3.7760000228881836, 3.7639999389648438, 3.76200008392334, 3.763000011444092, 3.763000011444092, 3.7639999389648438, 3.76200008392334, 3.749000072479248, 3.753999948501587, 3.746999979019165, 3.759999990463257, 3.755000114440918, 3.753999948501587, 3.752000093460083, 3.747999906539917, 3.7309999465942383, 3.7070000171661377, 3.252000093460083, 3.2090001106262207, 3.2100000381469727, 3.1760001182556152, 3.1630001068115234, 3.4079999923706055, 3.7190001010894775, 3.734999895095825, 3.73799991607666, 3.740000009536743, 3.7279999256134033, 3.7039999961853027, 3.253000020980835, 3.2300000190734863, 3.316999912261963, 3.3980000019073486, 3.4010000228881836, 3.4089999198913574, 3.4100000858306885, 3.378999948501587, 2.322999954223633, 2.260999917984009, 2.2360000610351562, 2.2230000495910645, 2.2239999771118164, 2.240000009536743, 2.249000072479248, 2.375, 2.681999921798706, 3.7290000915527344, 3.7260000705718994, 2.0940001010894775, 1.9490000009536743, 1.934999942779541, 1.9049999713897705, 1.8949999809265137, 1.8880000114440918, 1.8860000371932983, 1.8730000257492065, 1.0369999408721924, 0.9100000262260437, 0.8820000290870667, 0.8579999804496765, 0.8569999933242798, 0.8730000257492065, 0.871999979019165, 0.871999979019165, 0.8679999709129333, 0.8600000143051147, 0.8740000128746033, 0.8880000114440918, 0.8790000081062317, 0.875, 0.8820000290870667, 0.8830000162124634, 0.8859999775886536, 0.8899999856948853, 0.890999972820282, 0.890999972820282, 0.8840000033378601, 0.8870000243186951, 0.8989999890327454, 0.8980000019073486, 0.8980000019073486, 0.8999999761581421, 0.8999999761581421, 0.8939999938011169, 0.8939999938011169, 0.8960000276565552, 0.8980000019073486, 0.9089999794960022, 0.9070000052452087, 0.9049999713897705, 0.9089999794960022, 0.9100000262260437, 0.9179999828338623, 0.9150000214576721, 0.9129999876022339, 0.9129999876022339, 0.9129999876022339, 0.9169999957084656, 0.9210000038146973, 0.9210000038146973, 0.9150000214576721, 0.9039999842643738, 0.8960000276565552, 0.8980000019073486, 0.8989999890327454, 0.890999972820282, 0.9049999713897705, 0.9089999794960022, 0.9089999794960022, 0.9100000262260437, 0.9020000100135803, 0.9089999794960022, 0.9179999828338623, 0.9179999828338623, 0.9210000038146973, 0.9390000104904175, 0.9539999961853027, 0.9549999833106995, 0.9649999737739563, 0.9779999852180481, 0.9869999885559082, 0.9890000224113464, 0.9890000224113464, 0.9879999756813049, 0.9990000128746033, 1.003999948501587, 1.0110000371932983, 1.0130000114440918, 1.0160000324249268, 1.0210000276565552, 1.0269999504089355, 1.0269999504089355, 1.034000039100647]
intensities: [520.0, 531.0, 531.0, 531.0, 521.0, 523.0, 533.0, 528.0, 523.0, 526.0, 513.0, 502.0, 518.0, 563.0, 625.0, 668.0, 746.0, 834.0, 882.0, 917.0, 928.0, 1064.0, 1055.0, 1099.0, 1120.0, 1131.0, 1157.0, 1183.0, 1183.0, 1232.0, 1221.0, 1255.0, 1258.0, 1266.0, 1284.0, 1327.0, 1348.0, 1352.0, 1373.0, 1380.0, 1387.0, 1387.0, 1374.0, 1368.0, 1358.0, 1376.0, 1374.0, 1381.0, 1381.0, 1384.0, 1389.0, 1393.0, 1387.0, 1386.0, 1361.0, 1333.0, 1252.0, 1172.0, 1164.0, 1106.0, 1126.0, 1012.0, 851.0, 905.0, 793.0, 988.0, 968.0, 1044.0, 1092.0, 1090.0, 1103.0, 1124.0, 1103.0, 1116.0, 1099.0, 1099.0, 1107.0, 1122.0, 1122.0, 1102.0, 1096.0, 1118.0, 1118.0, 1124.0, 1190.0, 1201.0, 1207.0, 1291.0, 1314.0, 1288.0, 1314.0, 1297.0, 1307.0, 1296.0, 1305.0, 1299.0, 1295.0, 1276.0, 1281.0, 1307.0, 1294.0, 1266.0, 1270.0, 1270.0, 1267.0, 1263.0, 1259.0, 1264.0, 1252.0, 1250.0, 1230.0, 1223.0, 1232.0, 1245.0, 1245.0, 1259.0, 1286.0, 1285.0, 1197.0, 1211.0, 886.0, 447.0, 385.0, 369.0, 363.0, 418.0, 490.0, 791.0, 795.0, 862.0, 855.0, 846.0, 837.0, 827.0, 783.0, 781.0, 775.0, 768.0, 779.0, 780.0, 781.0, 762.0, 754.0, 757.0, 761.0, 768.0, 768.0, 768.0, 768.0, 754.0, 759.0, 768.0, 770.0, 776.0, 771.0, 759.0, 790.0, 790.0, 812.0, 794.0, 796.0, 797.0, 797.0, 733.0, 772.0, 777.0, 772.0, 772.0, 696.0, 696.0, 696.0, 693.0, 694.0, 693.0, 692.0, 693.0, 689.0, 714.0, 754.0, 731.0, 731.0, 742.0, 708.0, 671.0, 685.0, 630.0, 578.0, 547.0, 509.0, 319.0, 187.0, 0.0, 0.0, 635.0, 635.0, 620.0, 606.0, 696.0, 744.0, 747.0, 770.0, 793.0, 794.0, 791.0, 779.0, 781.0, 770.0, 770.0, 776.0, 775.0, 756.0, 758.0, 750.0, 743.0, 746.0, 740.0, 730.0, 731.0, 730.0, 719.0, 716.0, 711.0, 702.0, 705.0, 695.0, 693.0, 690.0, 683.0, 662.0, 681.0, 662.0, 668.0, 640.0, 634.0, 634.0, 621.0, 613.0, 601.0, 622.0, 601.0, 597.0, 598.0, 593.0, 584.0, 585.0, 585.0, 572.0, 576.0, 574.0, 554.0, 550.0, 556.0, 554.0, 554.0, 533.0, 523.0, 518.0, 524.0, 523.0, 523.0, 506.0, 496.0, 497.0, 491.0, 491.0, 491.0, 480.0, 478.0, 466.0, 462.0, 470.0, 470.0, 445.0, 442.0, 428.0, 423.0, 421.0, 417.0, 412.0, 406.0, 398.0, 380.0, 372.0, 351.0, 354.0, 332.0, 330.0, 347.0, 337.0, 313.0, 326.0, 338.0, 321.0, 318.0, 561.0, 552.0, 511.0, 558.0, 552.0, 538.0, 513.0, 509.0, 497.0, 476.0, 461.0, 463.0, 479.0, 487.0, 497.0, 510.0, 524.0, 553.0, 562.0, 602.0, 639.0, 793.0, 1097.0, 1113.0, 1127.0, 1118.0, 1139.0, 1140.0, 1141.0, 1138.0, 1134.0, 1129.0, 1130.0, 1140.0, 1123.0, 1143.0, 1143.0, 1122.0, 1134.0, 1155.0, 1130.0, 1124.0, 1119.0, 1124.0, 1125.0, 1135.0, 1132.0, 1127.0, 1134.0, 1146.0, 1146.0, 1129.0, 1131.0, 1135.0, 1139.0, 1133.0, 1138.0, 1140.0, 1117.0, 1125.0, 1135.0, 1135.0, 1134.0, 1139.0, 1127.0, 1119.0, 1127.0, 1122.0, 1125.0, 1125.0, 1124.0, 1119.0, 1118.0, 1118.0, 1116.0, 1127.0, 1127.0, 1125.0, 1126.0, 1122.0, 1119.0, 1324.0, 1361.0, 1380.0, 1409.0, 1381.0, 1424.0, 1426.0, 1430.0, 1448.0, 1450.0, 1463.0, 1474.0, 1477.0, 1472.0, 1490.0, 1503.0, 1492.0, 1496.0, 1512.0, 1514.0, 1520.0, 1528.0, 1541.0, 1554.0, 1538.0, 1513.0, 1478.0, 1407.0, 1207.0, 1129.0, 1123.0, 1139.0, 1139.0, 1180.0, 1176.0, 1176.0, 1204.0, 1193.0, 1270.0, 1277.0, 1270.0, 1285.0, 1288.0, 1302.0, 1302.0, 1291.0, 1305.0, 1311.0, 1258.0, 1292.0, 1243.0, 1214.0, 1220.0, 1143.0, 1122.0, 1112.0, 1112.0, 1114.0, 1112.0, 1120.0, 1117.0, 1124.0, 1120.0, 1148.0, 1182.0, 1186.0, 1198.0, 1194.0, 1194.0, 1219.0, 1222.0, 1214.0, 1225.0, 1244.0, 1240.0, 1240.0, 1236.0, 1232.0, 1230.0, 1227.0, 1221.0, 1186.0, 1186.0, 1190.0, 1189.0, 1214.0, 1181.0, 1176.0, 1169.0, 1182.0, 1203.0, 1223.0, 1241.0, 1267.0, 1267.0, 1292.0, 1292.0, 1308.0, 1319.0, 1327.0, 1326.0, 1331.0, 1340.0, 1330.0, 1326.0, 1333.0, 1343.0, 1347.0, 1344.0, 1323.0, 1352.0, 1317.0, 1313.0, 1317.0, 1319.0, 1319.0, 1297.0, 1298.0, 1275.0, 1224.0, 1224.0, 1180.0, 1175.0, 1173.0, 1173.0, 1177.0, 1171.0, 1184.0, 1179.0, 1180.0, 1165.0, 1170.0, 1167.0, 1167.0, 1172.0, 1169.0, 1170.0, 1171.0, 1194.0, 1183.0, 1175.0, 1186.0, 1172.0, 1165.0, 1170.0, 1170.0, 1180.0, 1200.0, 1197.0, 1212.0, 1217.0, 1223.0, 1237.0, 1252.0, 1270.0, 1281.0, 1273.0, 1287.0, 1296.0, 1309.0, 1318.0, 1307.0, 1331.0, 1341.0, 1347.0, 1347.0, 1338.0, 1340.0, 1337.0, 1342.0, 1321.0, 1321.0, 1275.0, 1275.0, 1256.0, 1240.0, 1240.0, 1213.0, 1213.0, 1199.0, 1142.0, 1148.0, 1117.0, 1113.0, 1113.0, 1113.0, 1110.0, 1096.0, 1083.0, 1105.0, 1107.0, 1088.0, 1100.0, 1106.0, 1197.0, 1220.0, 1160.0, 1106.0, 1078.0, 986.0, 969.0, 969.0, 986.0, 1026.0, 1019.0, 1045.0, 1051.0, 1083.0, 1095.0, 1098.0, 1098.0, 1096.0, 1094.0, 1049.0, 1070.0, 1079.0, 1089.0, 1119.0, 1132.0, 1115.0, 1111.0, 1105.0, 1140.0, 1136.0, 1201.0, 1209.0, 1277.0, 1345.0, 1320.0, 1319.0, 1543.0, 1543.0, 1631.0, 1699.0, 1770.0, 1772.0, 1806.0, 1812.0, 1812.0, 1807.0, 1797.0, 1786.0, 1657.0, 1750.0, 1406.0, 1386.0, 1339.0, 1459.0, 1431.0, 1529.0, 1529.0, 1537.0, 1480.0, 1489.0, 1312.0, 1238.0, 1119.0, 963.0, 818.0, 460.0, 946.0, 957.0, 953.0, 961.0, 968.0, 977.0, 982.0, 975.0, 982.0, 973.0, 968.0, 969.0, 979.0, 979.0, 976.0, 978.0, 985.0, 969.0, 983.0, 977.0, 977.0, 980.0, 977.0, 978.0, 976.0, 978.0, 944.0, 963.0, 888.0, 865.0, 865.0, 853.0, 734.0, 638.0, 556.0, 471.0, 512.0, 525.0, 519.0, 533.0, 526.0, 544.0, 533.0, 531.0, 537.0, 529.0, 524.0, 531.0, 529.0, 521.0, 528.0, 528.0, 532.0, 533.0, 526.0, 522.0, 521.0, 517.0, 523.0, 526.0, 526.0, 513.0, 522.0, 522.0, 530.0, 541.0, 600.0, 625.0, 572.0, 513.0, 284.0, 0.0, 0.0, 0.0, 0.0, 0.0, 0.0, 0.0, 0.0, 0.0, 0.0, 0.0, 0.0, 0.0, 0.0, 0.0, 0.0, 0.0, 0.0, 0.0, 0.0, 0.0, 0.0, 0.0, 731.0, 731.0, 810.0, 861.0, 894.0, 877.0, 879.0, 880.0, 885.0, 887.0, 882.0, 875.0, 870.0, 872.0, 877.0, 873.0, 876.0, 870.0, 867.0, 873.0, 851.0, 865.0, 865.0, 865.0, 869.0, 865.0, 867.0, 863.0, 862.0, 858.0, 862.0, 865.0, 839.0, 731.0, 731.0, 0.0, 0.0, 0.0, 0.0, 0.0, 0.0, 0.0, 0.0, 0.0, 0.0, 0.0, 0.0, 0.0, 0.0, 0.0, 0.0, 0.0, 0.0, 0.0, 0.0, 0.0, 0.0, 0.0, 769.0, 793.0, 821.0, 809.0, 814.0, 810.0, 822.0, 817.0, 816.0, 813.0, 819.0, 805.0, 805.0, 805.0, 796.0, 789.0, 791.0, 789.0, 779.0, 796.0, 825.0, 819.0, 784.0, 614.0, 599.0, 543.0, 523.0, 512.0, 514.0, 517.0, 518.0, 506.0, 517.0, 520.0, 504.0, 514.0, 517.0, 521.0, 532.0, 532.0, 482.0, 874.0, 657.0, 625.0, 574.0, 569.0, 486.0, 586.0, 681.0, 777.0, 821.0, 834.0, 830.0, 836.0, 844.0, 835.0, 114.0, 665.0, 671.0, 678.0, 687.0, 691.0, 682.0, 662.0, 652.0, 643.0, 614.0, 600.0, 741.0, 883.0, 892.0, 892.0, 882.0, 879.0, 872.0, 871.0, 854.0, 854.0, 859.0, 863.0, 841.0, 838.0, 839.0, 845.0, 834.0, 839.0, 822.0, 821.0, 812.0, 798.0, 787.0, 769.0, 756.0, 742.0, 742.0, 911.0, 592.0, 644.0, 730.0, 901.0, 869.0, 875.0, 868.0, 839.0, 828.0, 849.0, 827.0, 946.0, 983.0, 976.0, 973.0, 982.0, 1001.0, 1005.0, 992.0, 985.0, 991.0, 1016.0, 1024.0, 1025.0, 1013.0, 1019.0, 984.0, 851.0, 837.0, 842.0, 1063.0, 1001.0, 891.0, 891.0, 912.0, 904.0, 917.0, 919.0, 922.0, 934.0, 933.0, 940.0, 937.0, 938.0, 935.0, 937.0, 930.0, 934.0, 931.0, 927.0, 928.0, 924.0, 929.0, 933.0, 926.0, 926.0, 903.0, 886.0, 874.0, 891.0, 898.0, 895.0, 911.0, 922.0, 916.0, 930.0, 914.0, 913.0, 921.0, 921.0, 924.0, 928.0, 901.0, 906.0, 883.0, 925.0, 928.0, 930.0, 932.0, 927.0, 924.0, 903.0, 487.0, 467.0, 479.0, 494.0, 522.0, 1041.0, 917.0, 917.0, 918.0, 926.0, 918.0, 929.0, 1123.0, 1128.0, 1090.0, 985.0, 969.0, 953.0, 959.0, 937.0, 1163.0, 1021.0, 1014.0, 1035.0, 1018.0, 1019.0, 967.0, 1279.0, 1373.0, 905.0, 898.0, 1298.0, 1062.0, 1107.0, 1117.0, 1135.0, 1131.0, 1135.0, 1117.0, 1298.0, 967.0, 975.0, 1021.0, 1017.0, 945.0, 902.0, 902.0, 1003.0, 1133.0, 1223.0, 1314.0, 1317.0, 1311.0, 1316.0, 1303.0, 1308.0, 1313.0, 1312.0, 1312.0, 1308.0, 1308.0, 1316.0, 1310.0, 1305.0, 1309.0, 1309.0, 1306.0, 1306.0, 1307.0, 1305.0, 1301.0, 1301.0, 1302.0, 1302.0, 1296.0, 1299.0, 1292.0, 1291.0, 1299.0, 1299.0, 1297.0, 1295.0, 1295.0, 1296.0, 1304.0, 1310.0, 1312.0, 1303.0, 1304.0, 1303.0, 1301.0, 1301.0, 1298.0, 1301.0, 1295.0, 1301.0, 1301.0, 1286.0, 1273.0, 1276.0, 1275.0, 1271.0, 1267.0, 1256.0, 1257.0, 1257.0, 1252.0, 1257.0, 1247.0, 1238.0, 1237.0, 1237.0, 1228.0, 1227.0, 1227.0, 1225.0]